any	brain	heart
chr11|31670827|31670956	0.872530603197063	0.13330842101965	0.290283159151691
chr7|80445469|80446527	0.856903527713633	0.256009505236768	0.355118439370235
chr12|80062053|80062764	0.855748847697178	0.38569050239135	0.327550722650731
chr7|37179904|37180171	0.8545117401217	0.515625360096428	0.082608698768462
chr13|63627263|63627533	0.850279084298921	0.538613191435364	0.0467841629007175
chr11|104440171|104443173	0.84213039970772	0.681632441028422	0.106633122374491
chr2|69585012|69588295	0.826333193776271	0.458938135859862	0.184542412267835
chr12|31949316|31949919	0.823375401115844	0.4103513112293	0.144117461172367
chr17|15247748|15248807	0.819971378904521	0.334527590250722	0.309940479085207
chr2|32095392|32096823	0.80509429613244	0.284422644880671	0.338548233509926
chr3|108166475|108166859	0.804988172939517	0.243917471270762	0.375211213405521
chr2|119305085|119305235	0.80263260780843	0.236904008430421	0.499451363600705
chr9|61468007|61469266	0.80170862512837	0.349648494669949	0.321563362821488
chr11|88067081|88069652	0.799665216836947	0.531868254405073	0.130751730559629
chr12|109508357|109509926	0.7961984531805	0.364164996621574	0.215566543598706
chr6|51076862|51077476	0.793780406176128	0.37489603535302	0.227556747281441
chr2|75704472|75705358	0.792544439090475	0.370822055391453	0.289202297678528
chr1|86433994|86434686	0.789968050977999	0.289961342347867	0.250316972223045
chr7|16400023|16400343	0.789471289626258	0.499109498353154	0.129111704492404
chr2|93891333|93891565	0.788039800243328	0.228633858097752	0.369491413333995
chr8|32058991|32059397	0.786821644730861	0.267306614244735	0.0779175360049434
chr15|97824841|97826337	0.78659594742568	0.287301666794288	0.31790295573043
chr19|47908911|47910892	0.78552523429742	0.243817454173141	0.396898426310176
chr2|92839996|92840307	0.78529424880967	0.188647466424561	0.325503649565443
chr12|107979874|107980671	0.782145272079727	0.480444697872934	0.112305478851241
chr11|65787395|65788451	0.780133982231514	0.354649340960714	0.0898322841222776
chr13|26154933|26155245	0.78005389208482	0.448582418575843	0.0800386931672594
chr19|10013973|10014261	0.779070782612721	0.216539795096603	0.322817165940919
chr9|120691180|120691909	0.778921159193979	0.230966584009047	0.307350619454343
chr14|70765330|70768190	0.775590583722521	0.447053556116061	0.12877916811482
chr17|34120741|34122748	0.774550172007042	0.281345150439669	0.276363286985114
chr18|25548182|25549478	0.774434500942334	0.409499977292293	0.184566679505056
chr13|43182714|43182987	0.772740435453362	0.182329080330999	0.211754168546304
chr17|29355857|29356408	0.772349663349521	0.238628082179502	0.312415338222146
chr14|22679704|22680691	0.768490532133558	0.396071321744656	0.227721475381629
chr14|119893120|119893497	0.765934279609483	0.339394212817764	0.125643381050631
chr10|88200880|88201520	0.765199059678862	0.319110058051724	0.20688704154559
chr1|23256368|23256982	0.76480437463097	0.420220505028807	0.11432211188
chr14|79480797|79481400	0.764445631894536	0.378431762466683	0.137167105782059
chr15|82933179|82933491	0.764409998938912	0.169924962793317	0.477667500457017
chr5|123137311|123140526	0.7629617440117	0.40244094902936	0.157247138741105
chr1|138840487|138844201	0.761641235048966	0.409051356705777	0.121782960970273
chr3|34019816|34021727	0.760877000174463	0.460170738151486	0.137728595755503
chr4|95317826|95318184	0.759760108441264	0.193476934268432	0.62865972398465
chr19|21274581|21274715	0.757221709407814	0.193063924120916	0.466499339348295
chr7|79590294|79590627	0.756480085799752	0.236231037053376	0.401866457413832
chr2|91195342|91195594	0.756470509874569	0.228815372160199	0.239414976932095
chr12|86887966|86888989	0.756035694199258	0.325409541318059	0.146460011688651
chr17|10317268|10319544	0.755957069491047	0.333950107929746	0.137036001755896
chr11|85829532|85835744	0.755601990303448	0.266532655496392	0.167788764873582
chr17|47521311|47522200	0.75520663799532	0.283349580035446	0.317267454660149
chr10|60592808|60593011	0.752866906094379	0.266557867508599	0.145819735012348
chr12|79879277|79879432	0.752394629454512	0.285950518590386	0.206849190581985
chr1|132322715|132323475	0.752390983316886	0.288804962237755	0.197898781652595
chr6|28979080|28981565	0.751823683369843	0.24150864593739	0.374247016607981
chr1|52577866|52578505	0.751575504731984	0.282051157230616	0.231924698729383
chr11|116853006|116853848	0.751231740014546	0.382694610110499	0.134171641602988
chr17|28799991|28801202	0.75059888650373	0.318775562549142	0.167119033851825
chr19|53052100|53052714	0.749630430058519	0.235607339698838	0.324989463189211
chr6|39871288|39872421	0.748856374289502	0.319456482222709	0.130247561529558
chr7|68085238|68085751	0.748547246471789	0.320559879667262	0.128900137961657
chr16|30063003|30064476	0.748285494561334	0.413828437045396	0.110310143364988
chr3|99251943|99255188	0.748014636278799	0.449708348028704	0.126434839635947
chr17|83178988|83179831	0.74766616067974	0.181695231146577	0.310628139239284
chr6|51006243|51006394	0.746988724273706	0.346760237773697	0.0867670039475846
chr2|157887651|157887984	0.746073681661982	0.195283045952676	0.368074467841995
chr2|173660001|173661132	0.745789675929323	0.261844863180489	0.238480183718421
chr4|128715331|128716207	0.745614106851978	0.299373547983219	0.265274633153209
chr2|59670170|59671073	0.745376229025823	0.178308074853564	0.307912007489967
chr9|61673543|61673875	0.744994925807074	0.289205653793188	0.238601685450675
chr5|142909695|142910010	0.743686979584323	0.143656199421336	0.331684650994154
chr6|5380928|5381131	0.743641551083942	0.364044250996656	0.0889632286939426
chr11|77685889|77688202	0.743280551392073	0.48607082711344	0.0864970104864587
chr16|90629044|90630021	0.743279998578662	0.296582525021265	0.261303284984634
chr2|157565868|157566753	0.742911334834034	0.262192076870044	0.217360078391105
chr5|135725287|135725435	0.742821137442432	0.174609048939298	0.3336417374614
chr11|80503833|80505334	0.742645642207959	0.248725409963293	0.296967327812688
chr13|84059088|84059553	0.742293519889264	0.411551665040866	0.117033711534407
chr3|8717019|8717360	0.741596570609459	0.339770101048681	0.157005143909232
chr15|78066414|78066554	0.741535980509015	0.286574648073639	0.131814933422244
chr12|85454907|85455102	0.739953662477143	0.153224778408741	0.66283753598929
chr2|33753029|33754237	0.739875867773485	0.178202396087667	0.245012627746619
chr12|80114375|80116499	0.739841771347273	0.370718797913227	0.125776916970588
chr14|121109070|121109236	0.739525078284164	0.350152312792601	0.129755888386066
chr15|84923105|84924214	0.739479974824053	0.354376279365727	0.189400019604102
chr12|111037591|111039411	0.739003603534747	0.294048984411073	0.144442050718804
chr4|141021057|141021334	0.738718318715806	0.162314647722339	0.421089587377798
chr11|119154953|119155909	0.738465217898651	0.145441294946995	0.453000428417126
chr10|43527452|43527823	0.738424605460805	0.291962080886135	0.231482043781929
chr4|106936422|106937145	0.738041341988559	0.162729336740022	0.491293869667238
chr5|115436801|115437262	0.737953503324119	0.367551603485153	0.143456409741473
chr13|44730875|44731397	0.737780753830501	0.494410746923528	0.111555544905061
chr12|80230344|80231054	0.73707522836089	0.227544820036719	0.272324658419304
chr4|111414820|111415392	0.736669535296109	0.392587290968634	0.115074106226247
chr13|95869143|95869534	0.736521147025071	0.312372273835232	0.111082587291482
chr6|8956629|8956865	0.735798453223647	0.335339844262358	0.143479682201201
chr8|4192951|4193223	0.73509957541107	0.204039145805715	0.268477278285714
chr5|114467140|114467907	0.73499002469414	0.322786969592573	0.176578997197419
chr8|91365611|91366183	0.734739188750367	0.387329780058176	0.0963836968364226
chr11|94161707|94165301	0.734641133861331	0.17206231592306	0.262940089911009
chr2|30873620|30875262	0.733709424680243	0.240868034649254	0.154539764204283
chr10|8885657|8887035	0.733478231060518	0.303276415976448	0.14501397513683
chr5|100428972|100429905	0.733469346731727	0.202187216856918	0.15418670226748
chr8|94992441|94992808	0.733448779965399	0.128493085322726	0.46369843441593
chr16|37813967|37814958	0.733403302113678	0.362016338169324	0.218297166159276
chr2|60963594|60964009	0.733349396308516	0.274413413084869	0.180812368978639
chr5|64647147|64647399	0.733015032298137	0.284300967513952	0.136128103542531
chr15|82937910|82938234	0.732535866065614	0.145977280021404	0.417284906942003
chr10|122883973|122884438	0.731966754563168	0.3048389415055	0.16907032938238
chr10|51153599|51153993	0.731472198031293	0.377993570060986	0.0557430943708297
chr5|111577470|111577790	0.731090938757646	0.1099174438583	0.318421421123511
chr9|63665074|63665465	0.729976170731601	0.177674301120998	0.288721452524419
chr16|90385332|90387213	0.729929418006948	0.418553760392157	0.106639045918021
chr1|161033902|161035486	0.729180007311842	0.359408320022298	0.203020630449534
chr17|29450773|29451297	0.729048269876182	0.357462685359125	0.226790997241772
chr11|60104821|60107026	0.728531360758064	0.270227198029788	0.264749905945989
chr9|56995812|56996220	0.728373444763346	0.242970625951645	0.154233517472162
chr2|33639358|33642966	0.728327875743161	0.444501499289854	0.097254790531436
chr4|82505160|82507769	0.727691507664827	0.496900524287479	0.0921696544957472
chr4|154329948|154330386	0.727478137366876	0.117012171078315	0.416923842239353
chr5|21329656|21330289	0.727468695597803	0.136596587373509	0.307626988703943
chr2|167631936|167632303	0.727046121762855	0.329272271977109	0.166421928177512
chr5|24596437|24596757	0.72636415041137	0.211145923944847	0.27560364011076
chr15|75703350|75704060	0.725373112490674	0.326934870658477	0.237615365192811
chr18|5979034|5979754	0.723971179143688	0.212099850740751	0.282245515701839
chr6|100452303|100452496	0.723631059346519	0.189198689217335	0.294693722552359
chr7|38167704|38168072	0.723175875364555	0.148890977268533	0.150221755330364
chr2|35503752|35504041	0.723158547609952	0.161055317032545	0.34768308249431
chr2|73910532|73911438	0.722803821472103	0.370170866886439	0.208061835787677
chr6|94773618|94774150	0.721456789808146	0.243981873829365	0.1500931856843
chr12|27150815|27150922	0.720612245132939	0.267879994911649	0.0963107485624194
chr4|134989261|134989798	0.719864910531	0.189178849454764	0.168565374709811
chr4|32238859|32239629	0.719832488743452	0.507640755673428	0.0935421453428224
chr2|179538021|179538979	0.718955995309259	0.266492917304004	0.352155778569738
chr15|8659504|8659989	0.71880471918833	0.214253401627142	0.198536701375384
chr7|70845730|70846186	0.718743056375145	0.206509721199658	0.235091918215684
chr15|87546915|87547973	0.71851803716571	0.33076290612376	0.134119815281687
chr9|40687001|40687596	0.717141654734897	0.276196917536866	0.284386871832628
chr4|108387051|108387970	0.716784912693716	0.289448679251671	0.235897825310847
chr11|88139116|88140546	0.716373558111592	0.300016904104449	0.219773114480164
chr5|122354547|122354920	0.716099716897378	0.380393906636307	0.126088244322777
chr17|83913951|83914335	0.715185659354964	0.142450010718962	0.317922444888097
chr11|117285288|117285643	0.714889399578378	0.179159795469536	0.399969717554863
chr9|64066778|64067327	0.714556115842066	0.16683628130614	0.416151817312636
chr15|103514156|103514373	0.714513585205164	0.307878905750324	0.135182482382278
chr16|38711834|38713921	0.714304578552635	0.261452634161229	0.184076181276495
chr15|80683661|80685819	0.714253552207642	0.172066686799962	0.209229192004058
chr17|84848818|84849136	0.714077007116071	0.209620710086574	0.159631442017424
chr17|79355248|79356382	0.713629589249248	0.260649853794381	0.16696415168926
chr16|95439257|95439531	0.712516220159708	0.256916820647118	0.139893837327909
chr9|67140265|67140773	0.712318719068673	0.152739174894873	0.351400563302491
chr18|77713660|77714174	0.711889523085309	0.42015209111258	0.117838361111328
chr18|65519979|65521004	0.710837608990583	0.14405176819197	0.201606529860967
chr8|120304181|120304315	0.710705566213311	0.161492472841907	0.483402910091432
chr16|94568648|94571869	0.710080054739866	0.522557344946097	0.0779510846250882
chr8|90347198|90348786	0.710056478041867	0.398700960933864	0.121032380132372
chr18|61044743|61045566	0.70966234613083	0.256436858674477	0.300150586076927
chr14|18573232|18573638	0.709517127872688	0.189512816636175	0.178053405329028
chr19|60467855|60469719	0.709466243930802	0.250818121059878	0.197227068777364
chr5|64801718|64804670	0.709403903165881	0.313987297901536	0.186094152115096
chr7|34938904|34939411	0.709131272673889	0.189001662490789	0.264743304093649
chr7|71411700|71412003	0.709034765516945	0.229105595522537	0.136912458233879
chr4|148327327|148327652	0.708987905140888	0.188816689121138	0.238841375627003
chr6|97396546|97397560	0.708930045860053	0.324290958767118	0.192011930639417
chr18|7869566|7870282	0.708716709843185	0.398227165657421	0.0976223369369784
chr9|54863466|54863853	0.708658216945113	0.30910248097842	0.167658631763067
chr12|105785288|105785589	0.708423213490095	0.304291754598457	0.107701032903746
chr15|103305207|103305539	0.708222115872968	0.303515342445325	0.16194835919933
chr6|128104556|128105419	0.707999973746442	0.156407489019206	0.255406868938064
chr4|138452725|138456927	0.707924289371647	0.527278442920835	0.102304315522392
chr12|27060829|27061271	0.707154307880347	0.214931432690766	0.145205832685687
chr11|80342477|80342891	0.706946843784129	0.226816820261605	0.164891786392516
chr2|65237649|65239730	0.706791453435215	0.400344374536963	0.107944945369618
chr17|83214174|83215006	0.70668702398272	0.236190699649261	0.187182956079774
chr7|118363781|118364062	0.70661622357985	0.366803976270855	0.133737966145389
chr2|168072823|168073102	0.706171150018872	0.22818805429305	0.285932015100437
chr5|23140049|23140287	0.705947753926881	0.198779324318822	0.173760486318598
chr17|47899251|47899526	0.705859538656896	0.102723587396556	0.435841683294159
chr4|104718878|104719268	0.705168898633067	0.205950499153501	0.296643933078286
chr13|94575613|94576185	0.704841301604245	0.253388576086396	0.11553320432089
chr17|46619191|46619839	0.704739137873965	0.253209189384252	0.173043836964151
chr19|10013417|10013744	0.704398001017027	0.16418717769212	0.363355420447496
chr1|78141716|78141963	0.704389575908932	0.315942858703279	0.0589455162921761
chr4|41134815|41136745	0.703572877908322	0.528365521328006	0.100795276657616
chr17|66276617|66277522	0.70348414976215	0.213930898651691	0.213115377440925
chr4|126254718|126256060	0.703476025396162	0.220435208046202	0.26519103712965
chr2|169297898|169298249	0.703374718538229	0.243498264148529	0.150338050635733
chr4|136732553|136732979	0.703209394907195	0.199192211701547	0.30482599851538
chr3|87150264|87150552	0.703029865500752	0.26989695908524	0.264790235473644
chr13|64002936|64003999	0.702365985778337	0.228748268700592	0.289887527476796
chr12|77238193|77240521	0.702339938004511	0.309971586000802	0.174689906561353
chr9|65152968|65153114	0.702113824947658	0.184910967995686	0.252502079634083
chr8|66486049|66486618	0.702048190442492	0.215074617967754	0.195231225774849
chr18|31760933|31761456	0.701702189914525	0.22737396993223	0.138070195044477
chr2|92712610|92712802	0.701590425366242	0.14974795483395	0.169949865660219
chr1|92720447|92720811	0.701384038653085	0.179054688631816	0.368343147770853
chr2|50971634|50971901	0.701372826075198	0.398825501054173	0.0680403739180422
chr12|100988348|100988962	0.70111065701241	0.136381329888151	0.324746966808316
chr16|35363364|35364084	0.701004518292921	0.251227249998238	0.21058549467665
chr4|151128441|151129400	0.700761460711377	0.35164359518448	0.112930177331359
chr9|80066652|80068599	0.70075772864236	0.442555471235316	0.148005150288584
chr3|30792709|30794105	0.700734228816472	0.289634189900848	0.143182160111455
chr18|73702787|73703642	0.700645126183938	0.446168810401947	0.103845679231893
chr11|59708411|59708569	0.700494853012099	0.407369634172415	0.105451503962281
chr5|111530668|111531350	0.700483811827182	0.178201714022625	0.215956293746041
chr1|39700020|39702199	0.700394469084608	0.277104690351089	0.271779634485481
chr18|38084966|38085235	0.700325593371032	0.147209840713887	0.239600679674983
chr17|47511263|47512053	0.700136490636206	0.135047888849081	0.342015444685644
chr4|106866974|106867203	0.70010139235363	0.13735085079284	0.30938183078261
chr1|59340767|59341915	0.699838486741098	0.26965140673511	0.0841265177285632
chr17|83889733|83890831	0.699565761393325	0.256247016210526	0.243287428157535
chr17|7268986|7269557	0.699510084200542	0.122204034722742	0.455859928550165
chr18|56974748|56975521	0.699220337282367	0.44270821381112	0.0557468804212372
chr13|55607630|55608018	0.699178693390525	0.18724094971921	0.418983111452785
chr10|80329397|80330151	0.698916897571583	0.271669695000688	0.161416175752503
chr18|36420502|36421044	0.698709599708893	0.233027912570686	0.172476409949591
chr8|126516803|126517151	0.698638221250732	0.243947298790387	0.187758556853779
chr18|65515801|65516304	0.697953409719448	0.271805237349456	0.235611899159573
chr13|98391156|98391692	0.697647649934089	0.38701492710024	0.0578630307094251
chr2|150735620|150736283	0.697441747880201	0.355787947154797	0.107387884816001
chr5|76303205|76305424	0.696573195401837	0.313729814520478	0.107598257583401
chr9|50171916|50172373	0.696439573561293	0.459697228060558	0.0574257303528498
chr10|81560473|81560990	0.696420988754551	0.211979019407948	0.288083274108251
chr5|81019430|81021526	0.695960402428726	0.427325373841967	0.103418214917194
chr4|55208869|55209693	0.695945117402638	0.190215967352885	0.220166830863372
chr17|29347199|29347613	0.695427794844687	0.312236567196304	0.108135000304866
chr15|25915002|25915406	0.695406628181344	0.139952676241463	0.26702163460953
chr5|112393031|112394759	0.695401179720698	0.116851875434315	0.39032529574077
chr9|65153373|65153709	0.695199568656728	0.220445787460495	0.323906633999845
chr13|98561806|98562218	0.695161070329149	0.323133051811502	0.119501760477828
chr17|63863333|63863680	0.694588817480944	0.183237709336317	0.236327458894807
chr11|118342403|118342999	0.694245740726524	0.184979459124822	0.326212491009253
chr15|100666653|100667145	0.694151439578445	0.145620232282977	0.265746481119003
chr1|36580699|36581214	0.693708981461017	0.138056799089996	0.426062357604537
chr1|154156652|154157239	0.693529647093752	0.200523699984056	0.182105042322219
chr5|101124933|101125304	0.693405980698613	0.184240770838402	0.130916688752892
chr8|107136259|107136728	0.693348797656641	0.178405930824177	0.162768529536495
chr12|73907625|73908083	0.693216054845547	0.346012216467283	0.188292726528435
chr5|52597900|52598117	0.692664230601153	0.110341604715186	0.154806689049646
chr9|119469310|119469605	0.692609935213988	0.117755760072849	0.40837161974947
chr12|79661273|79661686	0.692300145518149	0.199661774150083	0.235354201884113
chr11|96885987|96886682	0.692290527679636	0.249146264385021	0.194967277042227
chr7|116283199|116283701	0.692239179322989	0.165039529573853	0.341694020476321
chr7|16172261|16172634	0.691880762431958	0.178037618721557	0.327816514973252
chr18|34777146|34778363	0.69105693181686	0.314046751029705	0.143423318290247
chr7|112883719|112884189	0.690867591598294	0.340448245546192	0.11566819300148
chr4|63158504|63158941	0.690696426039064	0.159244408544005	0.282483242440799
chr1|57847238|57847758	0.690617284578728	0.292289793582682	0.112550043329442
chr15|89122269|89123072	0.690469802988505	0.239934133460232	0.250057698148476
chr1|37998257|37999086	0.690261074742292	0.295370670788429	0.153584192889562
chr4|41284182|41284990	0.690190962617818	0.157496286326396	0.251910055947583
chr5|113491117|113491294	0.689881684276814	0.222386684717231	0.281769433798089
chr1|155083136|155083719	0.689724921453451	0.385662456342586	0.134301502845943
chr13|112331597|112331719	0.689550186309285	0.179533406632178	0.189053834189072
chr15|84855998|84857049	0.689509510758229	0.266751205204368	0.0870905440967217
chr6|124755037|124757178	0.689481196852229	0.421214140064836	0.101709307009015
chr10|62174824|62174942	0.689435552206437	0.272520368067281	0.204446353122527
chr2|91710085|91710979	0.68929597566554	0.225912408773533	0.152030847546054
chr18|55028090|55028358	0.689292159834414	0.246313340766951	0.128318515492324
chr16|3872354|3872611	0.689267863100182	0.209411289521197	0.164230785644522
chr1|155233978|155234619	0.689235423800373	0.196467418393038	0.290536698707529
chr1|57405710|57407387	0.68898151260549	0.20745643611463	0.193025018905559
chr14|27051004|27051213	0.688931766740107	0.181087773002972	0.224961858856679
chr11|100396928|100397631	0.688755189256032	0.200354232769906	0.250538072410598
chr7|28596638|28598048	0.688674818339855	0.208127615533565	0.301433955736978
chr14|23015547|23015997	0.688377494633202	0.23220458948394	0.0568462532913916
chr19|46454888|46455528	0.688091841517081	0.173954902442739	0.377579785461376
chr1|78188789|78190197	0.687634968071948	0.523693447762477	0.051356051975578
chr10|111008997|111009303	0.687472076034544	0.317487450114226	0.138380059379483
chr17|47923063|47924595	0.686816797677715	0.256895082606857	0.207280419032498
chr7|73524430|73524693	0.686734246690231	0.307807477954604	0.104253288222232
chr12|100528287|100528810	0.686133612369394	0.15418068688125	0.267311277097979
chr2|34602098|34602626	0.686043022103422	0.280505268459241	0.0649059835258144
chr4|11074655|11077050	0.685877067303174	0.224941358179533	0.17974099581263
chr2|126673786|126676099	0.685853113261383	0.363145730780096	0.12032308792289
chr12|109445552|109445947	0.6858301715283	0.153424479248788	0.433050361977119
chr1|133080070|133080633	0.685411334510958	0.193557736517978	0.269026673692205
chr4|9843847|9845646	0.685216786647103	0.413598402089854	0.0819137688925177
chr9|56994806|56995200	0.685178746482096	0.399507998889044	0.0991706564860493
chr12|37106761|37108752	0.684801068084433	0.165374981821532	0.25576180528913
chr11|94407347|94408139	0.68452543473876	0.211244423969695	0.17105885532338
chr1|192834378|192835617	0.684485060352375	0.246675130125714	0.155571988035786
chr5|145231425|145232396	0.684307571447806	0.236081509288181	0.253856347816096
chr8|22974040|22976356	0.684290683457006	0.421938357213912	0.10211850588302
chr10|76959995|76962267	0.684158413503858	0.12656561132638	0.430806585471386
chr11|26961690|26961933	0.683954925397974	0.398881503203723	0.155774893843433
chr16|22437723|22439513	0.683761404693898	0.394488162555576	0.074828804075391
chr10|13322636|13323084	0.683533162840052	0.263508551009526	0.192991917486038
chr8|72136162|72137093	0.683466202000101	0.209373704724015	0.235957956905948
chr12|107960020|107960380	0.683067977132338	0.197440558618903	0.168492672673261
chr11|87987471|87988707	0.682371122947423	0.242586773905652	0.249292181030752
chr4|136143851|136145793	0.682273523629037	0.217210516099797	0.196327516639828
chr11|78163209|78165249	0.682115379750577	0.244734388534266	0.281874618778305
chr4|114578342|114578784	0.681733083488349	0.1520287226833	0.227005743017116
chr15|83148174|83149797	0.680908362350577	0.307347912517784	0.134222165099143
chr1|11748481|11749048	0.680865742354041	0.378260348789395	0.0715946691410907
chr3|95217108|95217595	0.68081552681694	0.245167705481594	0.171449713594886
chr5|111836559|111836766	0.68067118748285	0.364465538769153	0.0933078188848251
chr2|112454727|112455082	0.680604119069404	0.189950009438812	0.213227719168783
chr14|31662584|31663169	0.680597127130657	0.10117184853576	0.464556546410242
chr16|92566084|92566386	0.68042512952239	0.169406439748241	0.265985818306522
chr12|80112088|80113996	0.679943389387286	0.402693636108495	0.114894134423405
chr17|35836801|35837776	0.679844433981562	0.451946544033942	0.0527092713342511
chr5|33007108|33007256	0.679681669053431	0.168692802663544	0.180742036747191
chr18|61057665|61058296	0.679674317157853	0.148437985907164	0.289129625027279
chr4|48279533|48279839	0.679461272083716	0.179439726348766	0.255455016900033
chr11|11867029|11868565	0.679337049328841	0.268301645811886	0.225924258082251
chr18|66113043|66114004	0.679311712530965	0.220180232725054	0.128358494418115
chr19|37206550|37207206	0.679178442656412	0.287833541401066	0.141123828834375
chr8|25367783|25369091	0.67913498101316	0.166613914984672	0.258288425563762
chr13|112926772|112927264	0.679039695265188	0.301920042900036	0.113856326763275
chr1|80339444|80341351	0.67895707956272	0.482898811877258	0.0671416922368746
chr4|118134113|118134777	0.678898424584707	0.21602584798105	0.13383570914567
chr14|64136434|64136771	0.67874021513717	0.136094518997445	0.230041394636266
chr3|108363672|108365147	0.678729997267807	0.16234307143424	0.428600915392719
chr4|56221308|56221987	0.678684297291485	0.249168942783707	0.154888236420585
chr15|84639147|84639982	0.678530556121952	0.130809120125531	0.274899155599734
chr8|90876827|90877760	0.67796434078763	0.154869892610082	0.262311614403939
chr11|96992971|96993265	0.677935872054166	0.120912158592133	0.388065869411141
chr18|80150707|80151979	0.677866545160883	0.335003044450213	0.183940938856366
chr12|70824859|70826271	0.677821429714199	0.270601602150412	0.171752970858386
chr5|65762826|65764979	0.677820848971843	0.409524264980553	0.0992490146593853
chr17|83872846|83874209	0.67780721668778	0.154599902097086	0.220101047266356
chr16|32515891|32516933	0.677652103021973	0.226770892151079	0.21873792914824
chr18|32375633|32379331	0.676915529696879	0.231636269471878	0.18839282949287
chr4|130544627|130544936	0.676894900611423	0.194959937086499	0.245437505908341
chr16|17069976|17070234	0.676834096916165	0.243217822897976	0.149636987681949
chr7|98655573|98656460	0.676828238972203	0.249316939967669	0.213724992920021
chr14|25711804|25711952	0.676819880531147	0.221659220548412	0.179310761936584
chr2|38530735|38531388	0.676740685697985	0.196386583831273	0.223383735108799
chr5|135254044|135254314	0.675899750967143	0.235668560672319	0.176710156832621
chr6|32397094|32397617	0.67583419561612	0.130704551514994	0.38245148929229
chr4|156196544|156198233	0.675829098687539	0.430599497827406	0.132637082639211
chr12|105475101|105476045	0.675718178200377	0.156710906423072	0.255323679174856
chr19|53325358|53325926	0.675564574316306	0.26517437011372	0.108465234079069
chr18|66015801|66016025	0.675522509295544	0.207827445051871	0.15838187338049
chr10|110931266|110931497	0.675416461311492	0.213116321251876	0.195987532664681
chr6|99027024|99029245	0.675241022138354	0.37288718774521	0.0914457138831119
chr2|137706256|137706683	0.674975502971167	0.361926511895497	0.0499183380798149
chr19|57609921|57611965	0.674444791114448	0.348747381532326	0.142763390070972
chr15|78835842|78836144	0.674341148045462	0.178120273685334	0.328530268026299
chr5|32080478|32081076	0.674058823505115	0.146461864884873	0.349558973610858
chr11|97435835|97436180	0.673975414540368	0.159286818728935	0.385319627304549
chr3|145118150|145119106	0.673571802066124	0.22268162075616	0.230386146916749
chr6|91729740|91730315	0.673502130171422	0.137959729562418	0.247613881191523
chr5|8422340|8422986	0.673456264910298	0.228114700225299	0.157738669254972
chr2|30658771|30660068	0.673355068219447	0.183704577488076	0.271212283730163
chr4|136742051|136743260	0.673173158326437	0.0873959050838398	0.489770562011704
chr11|115513638|115514258	0.673161372066461	0.282275149772257	0.260636385124955
chr11|86356779|86358178	0.672844084836091	0.454258324913126	0.110324521184466
chr8|26747357|26747660	0.672653559189819	0.259086468743409	0.0815818590533783
chr6|100525717|100526247	0.672558639886882	0.227437853447176	0.200629476016823
chr14|87416829|87417469	0.672555266911038	0.394268441424501	0.0729717261833526
chr11|43527885|43528492	0.67234153875911	0.188555680153491	0.145959082740481
chr15|64312995|64313615	0.671773594438664	0.307935569896037	0.13376803289052
chr17|32528207|32529195	0.671723881286239	0.0921232197943675	0.386545647028447
chr1|131910944|131911248	0.671410813796028	0.31790270639195	0.153717766892845
chr12|108244851|108245169	0.671340223602682	0.100669267557997	0.421010578247853
chr19|46760525|46760784	0.671191607157148	0.203340336379726	0.154733633738305
chr2|6212013|6213504	0.671150396192188	0.205940743685368	0.213395512949204
chr11|57801761|57803048	0.671105765732586	0.337864987250964	0.0904994333330971
chr12|105426739|105427906	0.67105670781657	0.144900054351796	0.362476879816253
chr19|15925406|15926295	0.670992482138833	0.224352674071193	0.158243863870017
chr10|94622002|94622459	0.670858655870712	0.261116009913418	0.151580914413
chr15|39196511|39199642	0.670816516718325	0.436366316677523	0.0921773491529366
chr3|73053329|73053980	0.670631845989157	0.326871020180503	0.0995164070594116
chr7|143007908|143008617	0.670422272805482	0.123988749889643	0.334055098393038
chr4|40143522|40143834	0.670414887989066	0.256803564351621	0.132521113089718
chr5|64579537|64580548	0.6703173485261	0.297511199681997	0.150112571465889
chr8|120588855|120589359	0.67014641587188	0.235244767314608	0.260415684944139
chr11|50376796|50378453	0.669957012113351	0.386206797910765	0.109423436121765
chr18|75461884|75462272	0.669707282482774	0.264775105085104	0.209601177564459
chr19|14777210|14777445	0.669701664346757	0.357824632096602	0.0266282004775945
chr9|56552856|56553874	0.669247392144756	0.190950181105041	0.20718832550617
chr17|34024538|34025368	0.669193994519719	0.285324074354019	0.14366072878082
chr1|121051597|121051742	0.66915976044097	0.401399380169598	0.0790002341652039
chr19|57361177|57362019	0.669159678128592	0.361258432928133	0.100668310523546
chr7|112299013|112299528	0.669141001560759	0.12350029372693	0.388340282878371
chr4|132921667|132922369	0.668879666235879	0.233130554465328	0.201344509472151
chr5|36285551|36285756	0.66871443592949	0.159822319989937	0.258925361510887
chr11|30647947|30648833	0.668685975707173	0.498567813903574	0.0358345205196229
chr1|133798820|133800160	0.668611335874906	0.192396027886825	0.336912246178236
chr13|56222005|56222448	0.668548559482002	0.301617273205218	0.130054808856107
chr2|167421299|167422137	0.668508658712842	0.236572164787867	0.217747896144227
chr16|38710788|38711047	0.66841292297535	0.185774120734222	0.326634074155148
chr2|169804345|169804671	0.668386160123001	0.206653063211928	0.192473947517017
chr3|87958010|87958222	0.668354743720584	0.134004932358496	0.401807475191189
chr11|75732619|75734262	0.668161432334657	0.314269023789756	0.0990795119222253
chr4|107679861|107680412	0.667911278112969	0.11101680197693	0.337936946639322
chr9|64016658|64017442	0.667817532065316	0.206304542401398	0.177068633467212
chr4|98922663|98924586	0.667727835203657	0.421540295666485	0.0725312527140689
chr1|155109348|155110012	0.667691358330569	0.2660016422801	0.202166312631597
chr14|63859090|63859634	0.667585590187653	0.254174973036445	0.0848143242676111
chr5|146221263|146221736	0.667516988319279	0.332759010970448	0.0966985053945435
chr18|46525058|46525650	0.667421542316714	0.369143735652362	0.0791708125552546
chr1|193433726|193433918	0.667176891467343	0.187981486573762	0.19150462337855
chr1|135565384|135565817	0.667134622125155	0.0859438979474533	0.392747587344303
chr2|155073291|155074026	0.667055637165586	0.175107178229635	0.125410614418309
chr7|28373617|28376794	0.666934737154905	0.212605228016653	0.351704414181513
chr14|76625271|76625954	0.666733106096254	0.162007984183864	0.310513449917956
chr17|29463930|29464788	0.666471349668988	0.26515031888584	0.111761502937866
chr5|53589583|53591304	0.666456401293338	0.331369407942866	0.113571391723971
chr2|118546113|118546592	0.666406646797563	0.230860709791919	0.213750747375186
chr6|30047908|30049584	0.665971644834464	0.283431823907644	0.156988289886158
chr8|87690210|87691095	0.665907013732802	0.229717090410666	0.35508403321648
chr9|45632635|45632980	0.665748855891896	0.185563975833973	0.290263350715571
chr7|122477723|122478063	0.665560540047743	0.173392677182667	0.176209097863066
chr10|84020868|84021117	0.665461753260076	0.198915806050309	0.155225763862478
chr8|32008383|32010679	0.665316171856555	0.324729070075152	0.1474487371764
chr4|132047939|132048985	0.665226036106692	0.262829379651326	0.108288529490142
chr4|106838963|106841061	0.665196428211651	0.386671296401522	0.0804879189093149
chr3|115713978|115716557	0.665189533151	0.286791256595554	0.196985150305274
chr9|44468767|44468878	0.665145219028562	0.193107456722395	0.25233923862272
chr14|54996335|54996748	0.664888951455468	0.184191091890343	0.239012499310558
chr19|3851131|3851533	0.664652602718458	0.285976838395322	0.075971312724958
chr12|109410865|109413044	0.664599127370683	0.118455758997776	0.3746253210803
chr18|64436786|64437462	0.664262195838607	0.180965783405335	0.219497092823887
chr14|63243403|63247510	0.664003127633827	0.219058822250181	0.212846871764957
chr11|94881881|94882416	0.663945978117518	0.233267082265631	0.226067995514689
chr13|47273481|47273902	0.663828516204235	0.232100914839169	0.107527502667401
chr16|77013416|77015152	0.663727389494218	0.295569672266835	0.0746046756621822
chr5|124334323|124334806	0.663609993816667	0.148502314833331	0.261732557976825
chr6|13607482|13608181	0.663150780382156	0.216168387885207	0.178008147784598
chr15|78876221|78878657	0.66263368826642	0.271720795477583	0.179600412612018
chr4|141597027|141598903	0.662163661630489	0.159857640624553	0.288204819421198
chr7|19746404|19750782	0.662106203087444	0.208157389372516	0.184679376132103
chr17|28328440|28329215	0.662042333424943	0.22077672550513	0.16493850794768
chr13|119689806|119691076	0.661980827528339	0.210610937470569	0.265419287044413
chr4|147904643|147905528	0.661902036952942	0.245608426835188	0.166752813078514
chr12|32819973|32820501	0.66179498383742	0.404846276243017	0.0973925955588887
chr2|155133615|155134520	0.661759757070639	0.273980672835504	0.148947410873583
chr17|45869324|45870591	0.661715988209932	0.119011091849324	0.517758876691979
chr2|152668986|152672174	0.661609164069681	0.256826662935017	0.134437576732369
chr6|18848451|18849192	0.661312414710809	0.167913227384049	0.197467497538254
chr8|89412109|89412474	0.660983863441443	0.140213298846267	0.163073959233174
chr6|91546273|91546668	0.660937770468704	0.0884549450093833	0.344176751298414
chr11|96873786|96874111	0.660880502583027	0.220991546402515	0.311113480134278
chr18|16038381|16038533	0.660666875493298	0.154197800078897	0.228489492348559
chr10|89685265|89687434	0.660666110027815	0.150860537302207	0.227042141531566
chr17|28232295|28233362	0.660597411734806	0.324614391920839	0.0826192606574273
chr14|24253826|24254146	0.660373622529288	0.140824757009168	0.24869069886119
chr4|134468554|134469238	0.659934962213574	0.317494027947179	0.159070309757816
chr2|69722697|69723737	0.659859752589756	0.288243261143611	0.15981403534023
chr19|53141897|53142155	0.659735306507628	0.361937944358657	0.179353296718106
chr13|64107611|64107808	0.659384038285768	0.233053513889836	0.0809052785574346
chr5|65434697|65436050	0.658980829497227	0.327645102297167	0.102273410639025
chr17|10441892|10442144	0.658974098169791	0.194548040833034	0.178895988287061
chr11|100738157|100738416	0.658913951025328	0.213862720397077	0.195062255230396
chr12|119236989|119240127	0.658539256015828	0.338251747450363	0.20477012646817
chr4|84637332|84638237	0.658517181730135	0.138399243731938	0.316474002231906
chr9|83834293|83834972	0.658134221283324	0.285789850162268	0.209721257372551
chr14|61556440|61557097	0.658106895604045	0.199549244389475	0.322339723485637
chr2|74451618|74451904	0.657809150388177	0.416970713434924	0.0390156231594337
chr1|43361064|43361718	0.657609404508829	0.160107446555311	0.181613339846251
chr7|99360197|99360839	0.65749723154658	0.225236336139919	0.391782030530164
chr12|117160764|117161093	0.657395385819379	0.296758213201429	0.0676886847858072
chr3|144305057|144306411	0.657250325819126	0.12253517025306	0.288046264519183
chr13|91459775|91460603	0.656846046747251	0.18590758363636	0.160410540195337
chr11|88715970|88717272	0.656792544509685	0.326500066209604	0.132860920601991
chr19|24308060|24308660	0.656758352646583	0.126093907378965	0.330422983972049
chr4|143296881|143297400	0.65671381945094	0.210034825616052	0.109278816540294
chr11|5098362|5098941	0.656503608872036	0.330332195689204	0.146463268990639
chr2|104590231|104590558	0.656444829575318	0.301833430414188	0.121714016006669
chr12|100990280|100991463	0.656350209191658	0.127282981176285	0.305063628571182
chr11|96828967|96829785	0.656256816051132	0.251025931314244	0.149129163632916
chr16|91770990|91771230	0.656224548778744	0.136325184576039	0.265095960243147
chr8|71379824|71380807	0.655983308240807	0.199709298286995	0.248647768756412
chr1|155084376|155084654	0.65593582603806	0.178938189996343	0.102800920781078
chr2|74734884|74735245	0.655742202835162	0.277360788910969	0.0969630841784102
chr6|99467189|99467439	0.655598611514643	0.16367960654182	0.0480909330844944
chr18|75368952|75369100	0.655448502071039	0.327506303319494	0.140797086178405
chr1|185099010|185099782	0.65537382432829	0.250926384427878	0.120271935808828
chr1|65177981|65179557	0.655177180882267	0.290219126702796	0.153342063534634
chr5|115327305|115328631	0.655078140696034	0.357789310381299	0.122765458968032
chr8|115158372|115158572	0.655010360628736	0.226838788216498	0.116325701658524
chr11|70236653|70238333	0.654713576493793	0.246069171903297	0.169578970566931
chr1|169467608|169468113	0.654441204603314	0.219971636990925	0.130520083138246
chr2|131401330|131402482	0.654354861052484	0.170987109539056	0.20989135292416
chr3|101212358|101213103	0.654150657728292	0.188450696098588	0.267236867615798
chr12|29368159|29368666	0.654142450818446	0.161551370999178	0.294140355506559
chr11|115765219|115766221	0.653801310508229	0.288654697233094	0.138468446762576
chr4|35125230|35125545	0.653656638665668	0.279950434010878	0.0618557293342789
chr14|24490487|24491040	0.653629937262583	0.22990953525042	0.124682935144823
chr2|30658404|30659828	0.653596791571091	0.178266881471071	0.217122479629458
chr11|33146213|33148936	0.653391608494653	0.369595540296431	0.108232900106409
chr15|100755047|100755929	0.653372243598417	0.229746442244533	0.187613301554446
chr18|38742569|38742994	0.653338231722156	0.265750739150515	0.186757489303199
chr5|111529102|111529516	0.653311051412307	0.155637578051146	0.380825291950431
chr5|121452334|121452831	0.653193883538772	0.371169192971701	0.207323433605248
chr10|89434589|89435135	0.653098094461133	0.230036570466454	0.162422357046083
chr19|5105885|5107276	0.653095513556844	0.24787774333108	0.183544810689892
chr5|137075724|137076721	0.652897829394319	0.198823008662392	0.319562174792048
chr1|131963129|131963329	0.652772005560607	0.335219475706811	0.1624018121337
chr11|54057431|54058903	0.65274243630448	0.314346675531411	0.247903539856222
chr4|44704156|44704705	0.652683288170224	0.283590952847656	0.132067141069687
chr1|59333023|59333761	0.652515117329118	0.26949056853234	0.117621170902603
chr15|102202851|102204101	0.652430297043551	0.382734658241141	0.0989861842348002
chr2|60698050|60698265	0.652314817897977	0.209964091952609	0.183858675523018
chr4|137486081|137486466	0.6519271842758	0.134907255132366	0.284348483953507
chr3|88553801|88554608	0.651879143167039	0.270674366499768	0.225650070272494
chr2|76059104|76059232	0.651799889419019	0.231465004039844	0.185514230122329
chr9|44604209|44605392	0.651623108666352	0.381946977027263	0.158260135225029
chr11|3774615|3774858	0.651389861117465	0.213599282209304	0.262985155404163
chr10|61843038|61843748	0.651386750004261	0.181645953215339	0.252496170420601
chr1|127773636|127774218	0.651131701332491	0.306223369304219	0.144081588671383
chr17|15994008|15994302	0.651123671235712	0.319940946756934	0.0692303105570845
chr1|119328777|119329517	0.650942255431618	0.275191338176045	0.157668478127188
chr15|39942616|39944773	0.650846706152913	0.290525658896243	0.144615315737519
chr3|122518272|122519368	0.650814879261647	0.148783416825371	0.365696251648823
chr1|167307971|167308487	0.650672979686189	0.231406100998185	0.164481437540246
chr1|60180169|60180615	0.650591972581001	0.357523711529333	0.124289810398248
chr13|34247634|34248190	0.650533103073578	0.21389639862948	0.100285441699354
chr5|139378089|139378304	0.650294508818554	0.136712317897484	0.27171869499456
chr13|97365610|97366092	0.649895145543298	0.203337668893881	0.131441559517264
chr15|75658561|75658719	0.649864311162841	0.196422509848274	0.228303324451833
chr1|35973265|35974180	0.649707437696498	0.190615187628985	0.151426784963095
chr9|37489149|37489394	0.649388572598568	0.326194123922154	0.121394918478341
chr6|144210015|144210587	0.649340086583263	0.190449838485923	0.234100129891283
chr8|121240819|121242192	0.649321070576075	0.139823514485828	0.25846453288743
chr7|126883251|126885103	0.64918458518025	0.13296958948714	0.322777101936114
chr9|62531655|62532051	0.648992122032188	0.216571712340149	0.220136730214453
chr3|148343652|148344126	0.648668251899978	0.211632197735668	0.155574141157966
chr10|84441354|84442381	0.648310940819484	0.149795975429799	0.222203298202648
chr17|62980547|62980839	0.648153399330185	0.283900984564532	0.0651543071341202
chr2|165641306|165642467	0.647928190974784	0.206700901497106	0.135734883871996
chr16|35193434|35194394	0.647781836932833	0.19974783130525	0.24777474653958
chr8|13675698|13677347	0.647765332506125	0.15829096335665	0.26361841868353
chr4|43726813|43727352	0.647526604953736	0.109014231545176	0.367746414625293
chr15|102692934|102693602	0.647483844807577	0.312733711135003	0.0578682740281128
chr1|167082786|167083016	0.64742925462401	0.26890242178701	0.151700302864818
chr18|65530824|65531231	0.647354381745332	0.261915500453588	0.125478719772159
chr12|84176063|84177018	0.64727208189695	0.142323993596716	0.268581108444277
chr1|128687344|128687498	0.647231929772113	0.205982666996784	0.149388695331209
chr9|45651973|45652484	0.647114644384919	0.12881494877534	0.258979065949837
chr11|72407063|72407520	0.647016167713671	0.179846458915928	0.214860071647897
chr7|118364433|118364756	0.646995685950332	0.18284547649692	0.302044506361594
chr11|6601291|6606599	0.646849414768251	0.0967025452746096	0.452014300040444
chr4|3937723|3938209	0.646789392343698	0.387435453604489	0.0631811171797679
chr10|126972107|126972739	0.646787703121081	0.173366539615114	0.292054913021403
chr8|122697735|122699424	0.646659431791097	0.131642285079182	0.333824559606204
chr1|74054054|74054274	0.646392267490349	0.140878566135415	0.457035095610117
chr12|39741175|39741604	0.646384229341557	0.296170333442764	0.0997606987229889
chr2|110192320|110193205	0.646285525963618	0.189615097738142	0.15254411743101
chr17|28345350|28345794	0.645889670591675	0.14701579433988	0.417238168029283
chr11|94327806|94328958	0.645669745421783	0.296847901087242	0.115022774745911
chr3|147181959|147182275	0.645581215376577	0.208040804292942	0.153664118317914
chr15|27681717|27681959	0.645371749225567	0.362401406782142	0.124127773536958
chr6|100195708|100196034	0.645226337836506	0.189784697143905	0.319498832552275
chr7|97399942|97400801	0.645155328085192	0.259465043358778	0.198371819991258
chr4|155234588|155234695	0.645150595370958	0.16125844591005	0.557628892982358
chr14|64586907|64588461	0.644645736559377	0.340735131185451	0.138951642834771
chr7|128611885|128612441	0.644620234092497	0.159972075742103	0.206306123842391
chr18|35214842|35215168	0.644426477168929	0.23019635578868	0.114714514946226
chr13|103919096|103921325	0.644335917489491	0.338988616402153	0.0794511393566262
chr13|53993091|53993526	0.644291322232352	0.128604673632697	0.209494556631079
chr17|10413970|10414130	0.644236258802859	0.148515384891401	0.16533192439744
chr6|29433907|29435866	0.644206156035128	0.17420553499951	0.38417443733215
chr7|98354174|98355048	0.643916514201686	0.191703136625333	0.229981941095926
chr9|119479060|119479687	0.643854903516645	0.111264652493258	0.33240665186347
chr6|113795149|113795595	0.643829082396588	0.0941802908285998	0.282563236516159
chr3|55054293|55055922	0.643781691996562	0.24277342786219	0.139913704807924
chr3|89763945|89764781	0.643655713294961	0.216853251750566	0.182895022628144
chr19|21271987|21272709	0.643545335147877	0.38464976221919	0.12621464068427
chr11|109610673|109612053	0.643453895437624	0.262533943283878	0.296636236381231
chr15|30457526|30457906	0.643453548898396	0.233158348129244	0.104607603257927
chr7|143123922|143124235	0.643273959665653	0.128655031112916	0.375979345115938
chr4|48539814|48540613	0.643238352166389	0.397028553444278	0.0951047887652856
chr1|42686996|42687725	0.643185456128604	0.325843584305673	0.0611623821532666
chr5|131650428|131650683	0.642430896359932	0.167638740032805	0.116420295486881
chr16|90882937|90883540	0.642373138594275	0.152751000959434	0.203037285112863
chr1|4571547|4572285	0.642305555065375	0.280023110110441	0.124140863811551
chr5|113151530|113152297	0.642250662010938	0.131996052655486	0.346137730760861
chr15|59680193|59681176	0.642209269151577	0.144390315861136	0.19279237966379
chr12|83466838|83467244	0.642084219521809	0.176438915552853	0.274632916661604
chr7|29170351|29173015	0.642020881374088	0.156701358977675	0.270636907896035
chr9|46955809|46956271	0.641951457360739	0.113351487405363	0.434052826689604
chr13|83720854|83721159	0.641889046964559	0.395994899371376	0.106567047672204
chr1|135603158|135603435	0.641809537259262	0.107873589657227	0.445140147100523
chr12|80737172|80737333	0.641714811030048	0.145124226396536	0.277126452926291
chr17|70794020|70794352	0.641588966485588	0.172885367971836	0.166956825245198
chr12|71136099|71137301	0.641539978788952	0.218193353074445	0.155366283107114
chr12|73034921|73035990	0.641423092223636	0.275618924648779	0.181468202668714
chr14|63367815|63369067	0.641332161492238	0.0858720977915707	0.423772148421203
chr12|40445085|40445682	0.641243480907884	0.19773101715547	0.140350433728892
chr9|43879190|43880552	0.641028783075544	0.201290065296254	0.171840488548167
chr13|94089063|94089181	0.640948387487168	0.143699636267182	0.165172146032936
chr7|78881892|78882961	0.640896707783962	0.231711831397978	0.268868621742559
chr4|150488129|150489096	0.640666312465106	0.184188421124891	0.20216086914696
chr5|143001015|143001480	0.640486216091738	0.134437852032904	0.299879902873911
chr2|31822614|31823461	0.64045264471579	0.203607326799062	0.285185044988866
chr11|100970505|100971147	0.640390081161445	0.230363310913369	0.12709765915648
chr16|18186299|18186435	0.640318830592434	0.161974145425647	0.218192850557095
chr11|72607451|72608634	0.640209079378701	0.354464343134638	0.143071913273625
chr15|84852670|84854912	0.640066126929542	0.403294316293801	0.0821264616508711
chr10|115250418|115251618	0.639950895009552	0.176192636668246	0.181714644227914
chr5|114567561|114568795	0.639830946450793	0.323349479883162	0.105906919284304
chr4|129967446|129967919	0.639753747157281	0.102473751280393	0.466456589865039
chr11|77893394|77893758	0.639719299678089	0.242479358351927	0.186100081426599
chr1|133047553|133047931	0.639348973722206	0.223563183605542	0.286521124463325
chr15|25621849|25623747	0.639232917110038	0.22124300263828	0.181519713980952
chr8|102783750|102784705	0.638998652035786	0.25700583357723	0.11903492292117
chr4|127022600|127022825	0.638950294239671	0.340082656214978	0.0810816574686801
chr3|79884726|79884998	0.638773931410096	0.261124290677981	0.138448260416526
chr2|157487988|157488219	0.638740231046306	0.174120187486383	0.281175047287632
chr8|12947593|12948124	0.638589692085016	0.14869491108389	0.443488328436711
chr11|96903014|96903608	0.638589485878993	0.227596835265741	0.14477294488371
chr16|29734688|29735604	0.638517431207284	0.228065228823569	0.170209269483906
chr16|33966465|33967187	0.638421313813439	0.189084625838162	0.199037788718273
chr11|78152324|78153106	0.638209032956786	0.17425117224261	0.294699965819145
chr2|31760960|31761542	0.638199646280535	0.214758490099872	0.126662886263624
chr3|122510092|122510638	0.638152843485747	0.163607587342365	0.22971321109762
chr9|27308125|27308986	0.637968189395553	0.176003704034081	0.327724710931172
chr13|93838689|93839551	0.637956992718075	0.193602123229506	0.149761657748902
chr11|97437824|97438770	0.637617090555326	0.128419396395672	0.324899492995045
chr4|116075632|116077513	0.637530260190514	0.260463123443797	0.170799071781764
chr6|47877456|47879154	0.637518262736715	0.258629395701234	0.144500030039878
chr9|45608110|45608473	0.637488350202313	0.203847970031257	0.173120050539668
chr9|43732514|43733151	0.637381354410962	0.133467305376313	0.226126043908041
chr14|105895551|105898380	0.637098608779222	0.38806507863598	0.0585495441986189
chr4|123748941|123751271	0.637063545356544	0.24444044537287	0.174193865576377
chr7|49146237|49146715	0.637059742002749	0.234210967257016	0.248780492768309
chr4|107139826|107140087	0.636973790260654	0.193732008553044	0.15575085276582
chr8|111716423|111716908	0.636967310957223	0.12221971493681	0.348347249213943
chr6|122769790|122770715	0.636805096355745	0.172659636337598	0.260380634401748
chr10|80102584|80102766	0.636795664574225	0.163535735886964	0.22098730730642
chr13|43231696|43232854	0.636659099848608	0.183588737348785	0.208324213516333
chr19|42090156|42090497	0.636634888535593	0.225177768377404	0.129035974238971
chr3|152210254|152211347	0.636456534332984	0.367347412910444	0.0874597931758774
chr5|92997154|92997953	0.636374684863365	0.0824286524885453	0.271504733119074
chr1|190167819|190171472	0.636347890371461	0.341802663237744	0.141094583196899
chr5|111221179|111221378	0.636304249226784	0.214732633713004	0.20239298166221
chr9|65100875|65103201	0.636286455129411	0.25102355929219	0.234540974284292
chr17|47898524|47898770	0.636195363782819	0.231826458433153	0.185511057339396
chr7|100371869|100372294	0.636025268069706	0.260987845717189	0.10913509571661
chr4|117550498|117551075	0.635877081570016	0.228255833329303	0.248431290760563
chr3|84814771|84815907	0.635818272292308	0.28815930114819	0.142425426458525
chr14|73552412|73554064	0.63572921046048	0.1616113338151	0.256450904190487
chr7|64032858|64034014	0.635666243762107	0.185122112498711	0.21393868292455
chr11|118362921|118363979	0.635637465724434	0.134751676629683	0.375794686115712
chr1|160791737|160793484	0.635637374274017	0.341237370238128	0.148442391626167
chr8|27086401|27087555	0.635634654858648	0.156135182606741	0.248294241786958
chr5|115237939|115238786	0.635545401116551	0.287460268073114	0.0720655437155491
chr4|127169341|127169972	0.63540318488847	0.145439294780871	0.328834578281263
chr2|166678703|166679239	0.635152550971826	0.129393570228259	0.376965538732638
chr11|106919640|106921334	0.635102692247927	0.385467743951914	0.160751630177648
chr1|182124906|182125336	0.635077291599874	0.149575465203478	0.184386307732352
chr19|23687110|23687931	0.634996783131748	0.254937414842024	0.126389485969141
chr1|118389868|118390347	0.634945591776943	0.203912869855912	0.111049196207955
chr17|29467092|29468224	0.634792156265031	0.183244148472993	0.16326298331089
chr3|85299842|85299991	0.634631282935873	0.168062951586418	0.178345256553155
chr12|71800673|71801271	0.63461075341987	0.180178481998833	0.17247245955607
chr7|30600086|30600240	0.634593530314677	0.24000470652552	0.168943009906276
chr12|108242148|108243072	0.634550575866465	0.109032318745995	0.275908426487321
chr13|63496380|63497451	0.634482746625659	0.351432329485787	0.114520584078353
chr7|80166771|80167140	0.634430975453061	0.137571270006962	0.157987793715313
chr19|59171151|59172600	0.634420826686534	0.22715421628914	0.216104391294954
chr5|136986635|136988198	0.634334407387086	0.236171678781025	0.163260238545681
chr13|63527442|63528658	0.63431892146238	0.158908686293373	0.236161571000196
chr11|69758526|69758837	0.634088680624571	0.467740455852899	0.0671493214497419
chr14|119513452|119513707	0.634018336758283	0.247958764635303	0.0757011698336426
chr9|123259310|123259703	0.633867560617592	0.297090857138562	0.0696600235935066
chr4|100596658|100597021	0.6338004347793	0.189677157835313	0.120075085042745
chr2|144329211|144332276	0.633701209258912	0.20507174952892	0.137489180645579
chr4|150661738|150662243	0.633679128279964	0.243062815502241	0.146258682629722
chr1|90544045|90544318	0.633580331196824	0.255025172995251	0.117921032487828
chr5|97222901|97223136	0.63340826743681	0.274967312827318	0.0882240222654255
chr4|154506500|154506741	0.633398987768676	0.16021885363872	0.307010359781956
chr2|30686817|30687787	0.633289820056505	0.235501040846795	0.291570667439842
chr6|146642504|146643353	0.633097166408765	0.183113626395279	0.284807162741806
chr1|132335237|132335373	0.632966442307233	0.129649492243737	0.282812008287603
chr3|32396857|32397606	0.632961614877679	0.394163766750508	0.0898427887489822
chr1|181210024|181211730	0.632932528117515	0.264616375949938	0.23121262270159
chr7|81134999|81135273	0.632857545546088	0.149902824674015	0.326516945791262
chr12|112333678|112334197	0.632851084869988	0.22504719395767	0.26206614784286
chr1|132859286|132859690	0.632822909543804	0.169667549323386	0.22397193007663
chr5|32990485|32990717	0.632713964516704	0.13643987272594	0.300029194262833
chr4|151141348|151141850	0.632614220834484	0.108652950784471	0.447847386581199
chr4|117333421|117333801	0.632553414402573	0.170057492920937	0.173367401915619
chr1|132338666|132338916	0.632222147730718	0.154335336175941	0.291374409933476
chr4|155813208|155813738	0.632210510493747	0.176738459274012	0.146044489952151
chr15|81278093|81278581	0.632206889796637	0.187498904603883	0.1321048177292
chr12|40222605|40223434	0.632108692221743	0.267341110751736	0.151790514353663
chr7|46919616|46920049	0.63208162328119	0.321043010444305	0.111198226657486
chr2|18063893|18066106	0.63205862303714	0.382053188562737	0.156548642135941
chr19|55315696|55316870	0.631952258173282	0.243636274959102	0.141890067547391
chr15|99527419|99528203	0.631876984790172	0.239808609717547	0.186122125923139
chr2|172041222|172042585	0.631866972316319	0.110681013673392	0.208109706888401
chr15|25773665|25774958	0.631791016912677	0.217105829759974	0.0983194019924129
chr11|62258850|62259670	0.631790157628653	0.153170747042346	0.248967531923317
chr7|98359817|98361689	0.631714890851297	0.177503318452726	0.210463854927593
chr2|131501857|131502484	0.631634506696636	0.158340970551659	0.245991417593087
chr3|5218126|5218703	0.631525397200407	0.338506469139931	0.107198674217973
chr3|103020337|103020878	0.631455676729847	0.236738971170985	0.189014955074751
chr12|79752255|79752671	0.631343412409795	0.207780981062339	0.154625576128019
chr8|78863031|78863282	0.631280276197095	0.149670382956642	0.271322657924599
chr4|22486722|22490027	0.631190109104062	0.333295851400768	0.155219962464518
chr2|147187306|147190934	0.631046576430253	0.258830683670378	0.183733751075679
chr5|131643388|131643663	0.63094476861722	0.223227797591715	0.191484534097099
chr1|157458804|157459147	0.630918259020488	0.179404761896048	0.254649550720034
chr13|119429300|119430315	0.630846683596757	0.35412664703031	0.170759585256522
chr7|90265602|90266167	0.630767073638742	0.256921694218444	0.12599422029854
chr11|101968881|101969673	0.630743328179166	0.15914752280294	0.265919504349394
chr15|80081025|80081904	0.630726196116126	0.217087908128624	0.187519262328591
chr2|50810445|50810957	0.63058274620124	0.217143483587148	0.202378785193903
chr6|108658998|108659657	0.630423000190115	0.247127911115669	0.176960616769725
chr16|29945913|29946766	0.630404897213006	0.219062654969784	0.119627512555412
chr17|12029839|12030365	0.630385611777303	0.171737513364023	0.101078389964892
chr13|30966490|30967128	0.630367172729227	0.184979818496932	0.11659788519355
chr6|82771893|82774976	0.630093945614475	0.211072278801208	0.205267125008847
chr15|6237867|6238017	0.629968119190514	0.173556849380424	0.171610125304017
chr17|26424140|26424640	0.629934917548169	0.245899692936687	0.183879819927087
chr11|107965437|107965784	0.629902422209909	0.177775183792899	0.139387457464129
chr5|136403353|136404233	0.629870457132634	0.2538950918405	0.101243585059333
chr7|117653144|117653970	0.629856746681304	0.438059250665414	0.20217639457103
chr11|96008089|96009336	0.629790504573752	0.266011900230624	0.0598756632919285
chr5|97110163|97111011	0.629754023729401	0.231720637873836	0.0982473163197874
chr13|53201593|53201948	0.629699510375816	0.148543127875897	0.275846169104041
chr12|24650281|24651035	0.629642265689508	0.177361705935916	0.162836878925238
chr12|12904160|12904995	0.62960110346092	0.199925129256478	0.229530200605945
chr15|36792319|36793449	0.629600913819885	0.275931303947703	0.188757144021275
chr12|40634098|40634270	0.629492068639738	0.156936433664747	0.13464903175188
chr8|87974666|87974700	0.629427401915403	0.202587041325181	0.178668395401794
chr12|80945317|80945609	0.629311065361101	0.255387431451951	0.119967621977426
chr19|56029307|56030722	0.629303531132061	0.306213114521832	0.215232144292808
chr1|129208502|129208701	0.629292662419905	0.165745338117875	0.190053199830956
chr13|37802299|37803132	0.629225719661489	0.218998599830637	0.180248438703379
chr11|62456318|62457906	0.629152587374073	0.357038330103098	0.113038752055866
chr9|45953821|45955056	0.629096168195684	0.187600915006078	0.254753988589869
chr13|54693887|54694804	0.628710588653039	0.282064666762803	0.166658860332494
chr5|137785182|137786018	0.628491026230715	0.296191859891908	0.0955153215222049
chr2|30659843|30660143	0.628234958296007	0.103626735718424	0.406151530718208
chr5|24444379|24444841	0.628184008827254	0.192507230630819	0.318759786399333
chr7|122670851|122671139	0.628020864740143	0.230925454196308	0.342623449205744
chr7|96654940|96655302	0.627826193066047	0.232995012626656	0.228357512414798
chr1|132771516|132771730	0.627790754179198	0.332433792318068	0.0780575353724623
chr18|25590255|25591069	0.627720541602523	0.267234712296981	0.16033616909561
chr2|74691677|74691933	0.627465472800593	0.199746052759127	0.221011955560748
chr4|155189708|155190168	0.627461813504594	0.0959804781380746	0.353354539267186
chr1|160352309|160352466	0.627430663584601	0.178858352106518	0.141772276029445
chr19|42430696|42432668	0.627177496261509	0.387008499832674	0.0751046631280166
chr2|105397822|105398483	0.627087697600607	0.240199495744685	0.150477290100861
chr4|45453124|45453750	0.626878272538152	0.133809323560273	0.26685716428068
chr4|150582992|150583713	0.626792749382057	0.268158549114186	0.131854013555441
chr7|35801877|35803115	0.626742165410393	0.297850698169953	0.113497305859339
chr10|7210980|7212489	0.626640787632556	0.212551471594225	0.15825904482171
chr2|163397895|163398560	0.62659080560157	0.201383296217117	0.257585803027557
chr4|12628880|12629167	0.626590666386356	0.19934020897238	0.0606768492893134
chr15|81062149|81062394	0.626203206458096	0.169412753224703	0.117059721256531
chr4|119108989|119109477	0.626113633779766	0.227180416140938	0.107921134036019
chr3|148987750|148991036	0.626112601776177	0.375036186614893	0.144884292564281
chr10|56893753|56893866	0.625944674591903	0.36592679596665	0.088877216476336
chr11|96407301|96408006	0.625655780618819	0.160972275457191	0.178276144846725
chr14|25734387|25735713	0.625439215038064	0.149563797463945	0.311980520730724
chr5|151142322|151143002	0.625386155564029	0.21849168175718	0.136572530428673
chr18|69794407|69794805	0.625154826957265	0.219777248368535	0.124773708205025
chr4|109975034|109978103	0.624850968775117	0.162702428374095	0.144378376838037
chr17|6860346|6861478	0.624670359669758	0.2270918619412	0.147652168794426
chr2|27931821|27932265	0.62464593083805	0.191694900808603	0.205080260659928
chr5|127632149|127632883	0.624581041387936	0.30893229601438	0.168157497199757
chr17|88370028|88370251	0.624547362124227	0.145279133837055	0.225333210490463
chr7|65871009|65871657	0.624476271072678	0.133721978885858	0.269386950047371
chr12|84532690|84532866	0.624463794983595	0.137283360950869	0.245763964318243
chr3|53462495|53463903	0.624450960059838	0.168296638170612	0.235276129838342
chr10|118866969|118870485	0.624012421066425	0.383995383454676	0.130707340144029
chr19|32388682|32389267	0.623828271654668	0.255182569253743	0.123558227853235
chr7|19024129|19025308	0.623805073638113	0.332867222449279	0.141184676915613
chr2|106822628|106822841	0.623782395535752	0.298050652967799	0.109240699864408
chr4|34549800|34551388	0.623561624252076	0.18848450139229	0.0852859650662187
chr11|116852161|116852282	0.623542257936659	0.211012008352724	0.116517136907565
chr16|10635025|10635484	0.623425015190249	0.169407087184358	0.128930570259551
chr7|109984552|109986574	0.62332058446547	0.162767659252606	0.207311200587647
chr12|3890633|3893595	0.623172583498891	0.130038079027615	0.298748241365428
chr13|107469776|107470033	0.623073945134234	0.221724621379124	0.112060954410928
chr14|103777988|103778279	0.623036454205936	0.354529484530509	0.0606614192564871
chr18|25753999|25754540	0.62299482158143	0.355899027720864	0.182227972909955
chr9|100685838|100686091	0.622847171872916	0.213817713607359	0.0466968075552921
chr14|34501510|34504100	0.622828043327483	0.460854856154583	0.0956664163832694
chr16|33178220|33178546	0.622722695295435	0.237495194783399	0.0902860469105377
chr1|119389727|119389991	0.622356981727765	0.0934206227490541	0.331336566355731
chr4|54652096|54652254	0.622334287296041	0.320432997243881	0.134629672519343
chr5|122991330|122991727	0.622282521549393	0.263140523086924	0.118580917771471
chr10|111164375|111165967	0.622100918767299	0.310826817810939	0.173322697305865
chr18|67449005|67449542	0.622011470788442	0.291755432276511	0.161956164624398
chr11|96875664|96876081	0.621907958837582	0.241263765719808	0.127691214979603
chr2|27473511|27475418	0.621879167221472	0.269360969973544	0.20604010929054
chr5|21175702|21175920	0.621692375828085	0.201166903673429	0.1299897716562
chr2|53191537|53192159	0.621643348937776	0.304921692462162	0.117632824090279
chr11|11824615|11824696	0.621230577943311	0.183485086725866	0.196511433963805
chr4|45048519|45048790	0.62090788870806	0.175800074382123	0.285282721404064
chr12|80757467|80759023	0.620905310681594	0.384850796338539	0.0861295438700119
chr14|57412354|57412670	0.620899528629693	0.282451174839088	0.102096375182614
chr2|160368220|160369931	0.620863391551342	0.23019154829556	0.157943248265687
chr1|139000817|139001074	0.620411171264667	0.185691245671624	0.0981963362680161
chr14|117930268|117930846	0.620224020211943	0.181140797610311	0.187944021871466
chr7|112719724|112720142	0.62009840245145	0.216510534534651	0.0971108716394928
chr12|86896999|86897732	0.620059114356464	0.193424827678125	0.15369183344119
chr9|40241677|40242013	0.620038598757686	0.257410564514979	0.146538190663927
chr3|145650628|145651187	0.619877572322358	0.246852374907433	0.121433618006819
chr5|21425107|21425413	0.619857586712437	0.25335842615052	0.112447985390092
chr13|60110254|60110408	0.619805655176394	0.152564232090624	0.184249021770228
chr13|119407963|119409783	0.619792100515943	0.278111444269083	0.146108986059743
chr12|80145947|80146765	0.61976712716191	0.27581487491945	0.168199355546752
chr18|75000359|75001183	0.619729601320956	0.197583826497549	0.172743524356354
chr13|21779803|21780774	0.619660030620288	0.319106438622094	0.139363092281985
chr4|137593267|137593805	0.619642379230591	0.145200528425256	0.187364753031697
chr17|87445384|87446537	0.619509686046892	0.363494170650171	0.0550734662751684
chr6|125313614|125314338	0.619492042028426	0.185771469661318	0.296233708050349
chr4|150346916|150347187	0.619030249239067	0.401233126235078	0.0920566116802928
chr7|98309467|98309811	0.619019019896989	0.180281381890471	0.255863128862724
chr7|122970873|122971329	0.618992681065951	0.290637485979343	0.0806260863030551
chr9|40800722|40801843	0.618983398639487	0.247270626325465	0.19153389352679
chr13|73041923|73042073	0.618856659264765	0.247995531695207	0.116436366272955
chr12|12942699|12942876	0.618467547177786	0.304631632891779	0.089890120841416
chr9|119571283|119571896	0.61845017417156	0.182086596953602	0.136918406724248
chr17|29886042|29888862	0.618338953196602	0.18923812039385	0.135281161150404
chr11|69096997|69097315	0.618338166351368	0.243808453246198	0.202073872246313
chr6|30547134|30548000	0.618182826637551	0.501278174488763	0.0773554225876424
chr18|14681658|14682417	0.618152774836407	0.195644980921574	0.111014125038316
chr11|93099073|93099369	0.618148579637685	0.343695825363025	0.104868780644172
chr9|67047384|67050134	0.61797200937398	0.224287643108278	0.215434715494335
chr10|116580210|116582272	0.617864594856503	0.414202849094922	0.0667391111650644
chr7|67445566|67446070	0.617759948839684	0.19271521139145	0.204305923547352
chr11|119515104|119515532	0.617728331061226	0.164677273841185	0.284916921497429
chr1|24100662|24100867	0.617725417032214	0.286931929099461	0.122428452391391
chr5|66617841|66618922	0.617557186693648	0.294951142527301	0.0988668892171191
chr1|42850630|42852247	0.617481159878554	0.213872061753986	0.21382155190962
chr18|58208452|58211818	0.617424988118733	0.35692016029894	0.093715424410434
chr6|52190999|52192041	0.617413447904156	0.389623011168859	0.0803173724903091
chr10|75173045|75174050	0.617348099527762	0.149390142021054	0.333247820620965
chr14|21052684|21053672	0.617216673557671	0.303169432278084	0.0582122616259309
chr11|96006521|96007467	0.617131880625459	0.264627513195923	0.154542302773046
chr12|8082520|8082857	0.617068701787734	0.222906268650423	0.120589642846155
chr4|136864172|136864978	0.616988257159891	0.165306124654645	0.276447995293319
chr9|46067657|46067935	0.616781163126596	0.116383727708365	0.313377078439314
chr1|23761552|23762701	0.61671963449833	0.217933326870124	0.205432072742246
chr15|37905708|37906308	0.616645618153557	0.14142575219453	0.187851260830977
chr19|3912679|3913070	0.616631826219606	0.135168282949446	0.224578608356775
chr2|38355429|38358455	0.616602594267376	0.152640133858522	0.232576074368294
chr9|25213179|25213544	0.616590692120562	0.10061954966019	0.234894607605106
chr19|47264181|47264379	0.616586039354494	0.171471894282261	0.153551944883944
chr11|100897999|100898896	0.616523545815261	0.224100526840005	0.234758129571623
chr15|82952293|82952599	0.616453449007598	0.128151383199807	0.3075276283966
chr15|59188164|59188392	0.616371985463882	0.181131812338533	0.188603119516018
chr5|120634513|120635048	0.61627479290201	0.129250451215596	0.200761376708229
chr4|19574719|19576016	0.616102076345959	0.199534527858063	0.234234238880725
chr4|117301703|117303029	0.615926798288133	0.147173413320769	0.200621596126312
chr2|167062973|167063841	0.615912911345248	0.245812124942791	0.101515543805729
chr14|27596389|27596565	0.61586725541908	0.17599581898352	0.154968982510261
chr16|4500418|4501166	0.6158663217745	0.107711211702076	0.385679078770126
chr8|85492964|85493545	0.61580097046406	0.2656628228965	0.144452398920722
chr12|59130286|59132013	0.615624416638395	0.251389228270329	0.134435910564898
chr15|97964313|97965158	0.615260305902983	0.234642129833523	0.18844292868454
chr7|66060663|66061607	0.615204275102416	0.223897160339008	0.114817293079054
chr8|36142553|36143325	0.615202467878593	0.15581186542081	0.137559696986288
chr10|59899419|59899957	0.614968494219525	0.11075299403362	0.322028723139453
chr17|83138241|83139622	0.614783345362126	0.176084592120788	0.164802601048351
chr16|87319915|87320255	0.614772986772793	0.167428829855416	0.158626927753794
chr4|130546900|130547226	0.614584391298131	0.0945627941627463	0.360228898986117
chr2|165195526|165196013	0.614509983462915	0.195359404551137	0.192641831951766
chr14|76221995|76222262	0.614423686197346	0.203970723642794	0.147274627772006
chr1|105993277|105993596	0.614329186755835	0.223080588055136	0.0840169117174791
chr10|86703985|86705303	0.614234416869694	0.17034858750012	0.17025879791316
chr15|103190317|103190603	0.614177131614332	0.110761287974836	0.310425948595747
chr3|108209447|108210326	0.614112428641667	0.216334542383897	0.233652047523212
chr7|75398903|75399477	0.61406715738753	0.175556602670199	0.259896664906691
chr5|116591136|116591800	0.614037651582082	0.205006759982262	0.226268528773549
chr11|100402216|100403968	0.613910745396504	0.149879411233585	0.465096820169452
chr17|71001644|71002875	0.61387075579616	0.224385555253669	0.179738994425455
chr11|86961289|86962332	0.613863348674176	0.158477307983127	0.189704407266927
chr9|56160336|56161194	0.613820684784181	0.26641494509536	0.165536755348018
chr13|98925581|98927514	0.613764327447581	0.244315040448001	0.135243526779169
chr8|126583735|126585665	0.613735499467765	0.231176749250424	0.111573462001591
chr11|102774218|102775455	0.613696248306981	0.287793593541211	0.166117064757616
chr1|82273573|82273940	0.613381208016583	0.232382183830452	0.170492895050832
chr1|172216855|172217496	0.613329118067657	0.217888263594481	0.180683495445871
chr7|5014610|5014946	0.613293275522589	0.377856896785661	0.0918092288348979
chr10|39540989|39541380	0.61308546475424	0.227235627431923	0.0905265007936568
chr2|125505102|125508095	0.613083745381975	0.199597033311184	0.182197108398731
chr12|100187436|100187764	0.612973880092093	0.240029606489107	0.104068331982733
chr15|97772689|97773122	0.612842128045442	0.18601258300951	0.161561664022041
chr5|76657474|76658500	0.612761472259841	0.274889795156203	0.12122855158735
chr3|146499404|146499890	0.612722166236245	0.304351946099229	0.165444449337397
chr7|121033764|121034684	0.612561543545542	0.224842454799552	0.106718532222114
chr12|26885721|26885901	0.61256146989702	0.184370734254281	0.139735992245552
chr4|116684870|116685356	0.612527647034023	0.187184050748498	0.147882191964741
chr2|174310945|174311348	0.612507721831629	0.269166490206018	0.211750236724652
chr8|110919172|110920581	0.61226871619501	0.233162303114277	0.172279996120692
chr17|29397395|29398422	0.612209676530007	0.165986717880933	0.199463170955475
chr3|69126502|69126929	0.61216623406841	0.397516770200859	0.0837213683768289
chr10|92232182|92232465	0.612131326559563	0.156042914757377	0.21750332817198
chr12|15814290|15817725	0.612039838051443	0.290921362301401	0.126345508694136
chr16|20097680|20098455	0.611902467929136	0.245083650166871	0.152600706884684
chr11|94675619|94678418	0.611832666302607	0.226797588593573	0.198410920168962
chr14|47297991|47298728	0.611824390446263	0.237134393053229	0.109265390006412
chr8|96489926|96490113	0.61173303645365	0.154581728216171	0.0844755656253244
chr9|32685404|32685608	0.611681285830525	0.24244362268788	0.0918834068935382
chr10|42860132|42860429	0.611639463382561	0.127709020693663	0.205785772487916
chr4|135165981|135166791	0.611573668779331	0.157982033079198	0.400730838162857
chr4|4792227|4794152	0.611535470261158	0.319967109181104	0.126705531194529
chr7|27590701|27593337	0.611376279344496	0.211987187478457	0.22588535729097
chr6|148211947|148212229	0.61134555977451	0.219722128706652	0.189313519921732
chr15|81254865|81255584	0.611278150201213	0.200971977597782	0.195534614929799
chr5|116312623|116312987	0.611255942194825	0.198131469191129	0.13391846115
chr9|65460348|65461151	0.611225949052717	0.18248982887344	0.132351370730678
chr2|19909494|19910182	0.611223916344184	0.263046633877293	0.193494121217888
chr16|5255705|5256175	0.611214546194531	0.256761223577103	0.144890830250437
chr18|13221936|13222250	0.611101889354168	0.328251857114855	0.0537047666206392
chr3|108409480|108411064	0.611075274820144	0.198632511618895	0.346782218692619
chr7|34653789|34656390	0.610886990477257	0.488274440561729	0.0353826713144014
chr16|44671657|44671935	0.61082555705156	0.291849268569503	0.164339772689086
chr17|30004269|30004812	0.610779502821081	0.269557580414768	0.131595259755619
chr12|99406244|99406739	0.610750146262313	0.373063016374704	0.102564162301539
chr9|29318809|29319039	0.610722154265324	0.168979127887032	0.105083156171201
chr16|74411152|74412542	0.610661947630514	0.313307001284938	0.138196460919838
chr18|46742043|46742726	0.610646620160322	0.273736768258133	0.0907270906729623
chr10|110000769|110001241	0.610552752248048	0.178706201558804	0.121122564111719
chr4|124526832|124527257	0.610489021707459	0.115185092320563	0.159186929706446
chr17|32363498|32364272	0.610442766825254	0.22199505267837	0.227815722395348
chr10|18469671|18470065	0.6104113472826	0.163366482970894	0.201482629347606
chr17|11896937|11897168	0.610343289272379	0.121746259690045	0.226755886236702
chr15|80133019|80133615	0.610283119266857	0.20698585971105	0.146621404021867
chr1|165618183|165618392	0.610259821014807	0.133075906691716	0.308610536240684
chr1|151500014|151500295	0.610160461871017	0.287417522498549	0.100460230317474
chr19|5804009|5804849	0.609980487446697	0.163395584902458	0.157098591192525
chr1|25229071|25229271	0.609935130156972	0.363963274346031	0.0620317010049579
chr15|32567688|32568645	0.609902752412828	0.158631780896687	0.105021367750837
chr2|11705111|11706756	0.609819954702459	0.169050087878964	0.228392467169818
chr8|57319192|57319445	0.609782230977449	0.13553098300164	0.194681754677137
chr9|43263944|43264476	0.609625244578952	0.146626893857314	0.32882119764866
chr17|83197222|83197716	0.609618691562717	0.147487835074234	0.279594479066907
chr9|8003899|8005818	0.609567221573186	0.421211494427808	0.049668147806054
chr16|29683007|29683352	0.609508672582955	0.250356422670477	0.136211076278545
chr5|148928379|148928817	0.609259935088927	0.267608202461078	0.106462401241674
chr6|115675190|115676732	0.609194706769629	0.284896640822922	0.133632077843798
chr4|41464296|41464701	0.609128978745924	0.305284091920315	0.085958173369097
chr4|130274403|130275747	0.609040957789686	0.280777404110649	0.176759167775088
chr4|127986391|127986990	0.609003722537784	0.1620568276664	0.228643028924415
chr2|173306551|173308194	0.608926859569925	0.187945005545051	0.270714932415791
chr9|63534269|63534744	0.60889522860045	0.29585275680197	0.0715127770694459
chr17|43016351|43017969	0.608824561791113	0.265549391526717	0.139625597862337
chr15|36607705|36608791	0.608759084532379	0.226626398942545	0.134954032313499
chr12|28884927|28885123	0.608626561514162	0.189022806822309	0.0782619445690053
chr5|113872666|113873305	0.608451192427583	0.12322828751038	0.381555913451386
chr9|69453123|69454536	0.608355208779202	0.245643297272604	0.188304284850488
chr1|86502678|86503932	0.608353088711101	0.230770387221436	0.182940684068797
chr10|127030393|127030956	0.608283643604291	0.182050959991967	0.135455712599313
chr11|88584027|88584857	0.608033512598391	0.151826658121472	0.161096984783897
chr17|85688239|85689912	0.607990126610639	0.304568939408211	0.179149651749798
chr9|66917822|66919364	0.607920540943505	0.235301958635875	0.0795362217937342
chr1|77434918|77435089	0.607758143375722	0.170788889092867	0.124727752335275
chr11|4734398|4736345	0.607696102863126	0.147977447640159	0.405010679219625
chr12|81140605|81141691	0.607640886926534	0.177746512331801	0.191544799886875
chr6|52251978|52254778	0.607631009023273	0.175828226798715	0.226119360877266
chr5|124424168|124425454	0.607519066142491	0.235770193669786	0.140154851266992
chr12|4916688|4918108	0.607478509483963	0.226117915600006	0.119435080685791
chr19|32387800|32388312	0.607465146077741	0.256571088820481	0.153103303692089
chr5|32041197|32041372	0.607450506795494	0.220730742237642	0.148979676905906
chr9|52167452|52168743	0.607396542726658	0.240186270082894	0.105491427196489
chr9|63092277|63092520	0.60729320305584	0.195554042918869	0.212006350641203
chr10|126956919|126957059	0.607216978826272	0.213545011380915	0.182613819649337
chr12|117341141|117341939	0.607074409671048	0.137992417370262	0.196171595616726
chr11|22348520|22348892	0.607048574174571	0.165355090282294	0.167943323428798
chr11|4308097|4309238	0.606863651895874	0.235125464306995	0.131749613926302
chr5|5040083|5040281	0.606837165803193	0.169656759427306	0.0830617800824655
chr1|92699040|92699388	0.606685341675992	0.174577850075238	0.382320870698161
chr4|116720450|116721027	0.606562658877997	0.325330538193187	0.0597939805672493
chr11|8663333|8663940	0.606561173610727	0.265349063449525	0.147416140725777
chr6|138140425|138140699	0.606282802784036	0.261092391384626	0.10809721073589
chr11|5261588|5262028	0.606060522865123	0.204870311011699	0.150350659059944
chr5|115506404|115508077	0.606060131975035	0.185961605013257	0.209378244223327
chr3|107714392|107714854	0.605996919546806	0.174761665782235	0.0874507609781246
chr15|78736053|78736313	0.605952842454971	0.243692598983695	0.255788610357176
chr1|165633167|165634435	0.605920885202508	0.255255443529376	0.0938363064890772
chr19|26747165|26748046	0.605875490761657	0.269209220087481	0.176606524332021
chr2|165233432|165235620	0.605874522040125	0.371161165734929	0.093454985227698
chr1|131910189|131910599	0.605846223826125	0.255038812315547	0.125552610205425
chr2|129800384|129801120	0.605835270529716	0.263588238945407	0.12950225898294
chr10|117709469|117711071	0.605799107019053	0.313717169782342	0.128436244996179
chr18|76088011|76088220	0.605798880605627	0.237185571497689	0.174801478060852
chr5|122918327|122918815	0.605776570314748	0.171652232067264	0.272566068833609
chr16|37777805|37778377	0.605657511739533	0.250540322005917	0.113806611594753
chr10|80939766|80941529	0.605223166788539	0.109424706948679	0.405443522982783
chr14|24618591|24618859	0.605089280298864	0.232945243955641	0.190039848109115
chr2|74752565|74754023	0.605025091106392	0.203674513290398	0.140448723860975
chr9|20697365|20697839	0.604959655992526	0.173958037727211	0.253621683436814
chr14|25109373|25109473	0.604900336312891	0.207574234287875	0.165541944918104
chr7|30483764|30484552	0.604721131710591	0.140462410953874	0.175937420965487
chr5|130048868|130049272	0.604649387105784	0.169853773401974	0.205372755606057
chr6|118011634|118015981	0.604641588571761	0.12142698732139	0.328047848079382
chr17|45432789|45433837	0.604634552473479	0.18312594122002	0.144344723552621
chr4|107067093|107067550	0.604633907472861	0.189977796321764	0.18504362956479
chr3|103914170|103915442	0.604580230151679	0.34113463362431	0.0937918760230779
chr11|77763723|77767113	0.604404192951708	0.169884597739934	0.298811306123489
chr1|52118553|52119847	0.604369176375533	0.188201515354755	0.116876605579096
chr2|60124382|60125099	0.604350008792762	0.38928041151485	0.0476025872719239
chr7|67435702|67437252	0.604330628213389	0.115439592270394	0.239155701916066
chr13|34248914|34249602	0.604316827869284	0.257211579963257	0.0917317680393206
chr18|78255837|78256126	0.604220126362812	0.127616476596551	0.297510634252216
chr1|43933827|43934095	0.604045020864867	0.207142896965284	0.194568460627631
chr1|166127075|166127359	0.603683417229106	0.151672946510688	0.224556589808753
