any	brain	heart
chr10|61532677|61537653	0.837843043768743	0.505924325779502	0.22714663870206
chr15|75646709|75649708	0.737018575507884	0.258991328812299	0.261015108334859
chr9|121301588|121305883	0.778942159248905	0.433308831572011	0.143631213603081
chr4|135257075|135260072	0.663248287267709	0.151791575076253	0.227085451199893
chr15|8779669|8783322	0.822340484396032	0.58621290334015	0.0611347725662464
chr1|38196744|38201861	0.915090660118248	0.782762072156171	0.128503181943882
chr1|39945533|39950689	0.761664714185578	0.372292617936179	0.232925749866311
chr13|34285394|34290493	0.810352912812937	0.512760787784079	0.149213940282378
chr4|97647212|97651215	0.772293243773908	0.390201751543313	0.24938194421048
chr11|117343025|117348116	0.824226147961265	0.439635734463542	0.253649493308672
chr18|65518141|65523041	0.831779260753181	0.338297159648793	0.187351490002928
chr12|12707412|12712118	0.828043775057939	0.57447115358296	0.0779492240339536
chr4|62611143|62615332	0.795104238269917	0.446750028632821	0.198652588779733
chr1|73639286|73644483	0.704804741884526	0.160510008150551	0.263506916642244
chr1|90472812|90477819	0.896508492600585	0.717594917714942	0.0683493311320127
chr2|101589988|101594341	0.836938863892613	0.547532963954818	0.0432045967355815
chr2|103623986|103627532	0.935585066581667	0.826887111498998	0.0957113484996242
chr13|84781772|84786465	0.775506469072515	0.453271329941618	0.107157581713607
chr18|34131298|34134370	0.866390517529419	0.653034022272837	0.0606626805419242
chr11|96763980|96769001	0.83857460829305	0.595998012069781	0.0875783147901651
chr8|120302266|120306507	0.785042107528511	0.497986380999543	0.0691494577173266
chr8|126535553|126540585	0.877044940505998	0.370383407613913	0.579330332949096
chr2|130489314|130493856	0.885723113416427	0.712028169219459	0.0667807082774153
chr16|35562916|35566579	0.840723338917459	0.594841349482471	0.0542443693211559
chr14|76030042|76035145	0.929772954411461	0.824675130757344	0.0537446722339454
chr14|21366918|21370838	0.913980002548625	0.739377390511982	0.126720956980436
chr8|120297687|120299975	0.974319370334356	0.919611615889233	0.0365595440460365
chr6|72728577|72732628	0.992643599190843	0.980031096065093	0.0755099672136676
chr8|87743566|87748592	0.934187531185426	0.817644555889026	0.109895960197144
chr3|35331428|35336495	0.989416110777996	0.973393201158766	0.0519251509841768
chr6|93818356|93823383	0.941487850623194	0.847198534093988	0.099554802967913
chr6|91144563|91149338	0.817807814362873	0.571862037376066	0.0728345653435651
chr16|23502808|23507356	0.916447498531246	0.778234389833987	0.12038945991417
chr4|82702622|82707694	0.730419954624973	0.331366420125158	0.1611599398995
chr9|106336305|106340348	0.845029813215848	0.574527481575069	0.0946677498986537
chr4|134630703|134635445	0.786849327145909	0.0323808800952556	0.576007418920286
chr2|71611087|71614500	0.80213803165461	0.461968028132159	0.230657889422677
chr1|97538497|97542741	0.993005183741638	0.981951963559561	0.0387080755400353
chr7|117616695|117621521	0.997024358494194	0.9927748973791	0.0410644761732523
chr9|61402174|61407234	0.751179872844869	0.340628469791126	0.217838889466832
chr8|87151207|87154296	0.781265061057326	0.482013170673462	0.0572599856424462
chr9|48693871|48698585	0.964217831135213	0.888191927275233	0.107441732697508
chr7|117138022|117142382	0.811688483358193	0.521833986963943	0.112754709747754
chr13|59989666|59994793	0.837256722031268	0.602552181924978	0.126874107319304
chr12|5266438|5269568	0.802528965736731	0.48121878317787	0.198504759937399
chr16|37812647|37815565	0.660392912105611	0.18995245022259	0.212250722297382
chr5|77486940|77489925	0.759447468854798	0.303161095498726	0.187762109500423
chrX|73913983|73916518	0.63875632273713	0.160286780290653	0.130037247755065
chr16|44537655|44540232	0.816096732128703	0.584137562191997	0.0495295646258822
chr6|112813562|112816924	0.906636048143377	0.75574373624942	0.0512473668849476
chr3|63869819|63872427	0.807982503690233	0.552298322706702	0.0598974772892291
chr14|73233956|73236326	0.587231086909802	0.0883985793791028	0.138573559967528
chr5|118665477|118668878	0.747211611694909	0.31362169355026	0.170756652519444
chr14|19940072|19943446	0.786224007247592	0.31367714645267	0.322827492911749
chr11|107762173|107764184	0.780602701971286	0.456042693636006	0.0386040332858739
chr9|95812717|95815609	0.683905539196434	0.279179688409176	0.0656369117226775
chr4|133659033|133661626	0.640843029408595	0.0783825597828334	0.262914348743752
chr4|32476879|32481892	0.860748175425647	0.613800072214096	0.158631415440558
chr2|117427080|117430606	0.757161093593688	0.440059515431402	0.0742628000562872
chr11|77924762|77927516	0.674876494678365	0.276886235736531	0.0681064567995828
chr1|158265467|158268046	0.665576213856313	0.168267838535523	0.116369798399966
chr3|76465722|76469421	0.705151087959786	0.312391995361817	0.0707413995491883
chr9|13697970|13700760	0.80234207295055	0.532118998794678	0.0600920446070865
chr1|75288287|75291172	0.862683481670207	0.63836575874755	0.0626418599891001
chr1|13003747|13006556	0.771472045266272	0.469466331030404	0.0463499404096701
chr13|56768879|56771714	0.746533237218769	0.446770044359416	0.0511257365728002
chr12|79610948|79615810	0.757798141211191	0.117255217123429	0.458949448332417
chr11|32008837|32012277	0.787067476286289	0.484344472135987	0.0929757669697106
chr10|80565497|80568178	0.621894210156327	0.128131954876691	0.0979377898068891
chr4|24216914|24220803	0.822703941895515	0.576780723125509	0.0629440477382191
chr2|166019657|166023462	0.793816440501158	0.48514925136775	0.12477268158199
chr2|30685857|30689137	0.824457339868329	0.564914615837691	0.1026553356112
chr1|157936874|157941610	0.789332642623185	0.423350194545334	0.0593956932916367
chr2|168693119|168695892	0.804524708397756	0.510643423258517	0.0852218809370987
chr13|12502078|12504879	0.792158316001914	0.513842072423015	0.0644098136481609
chr4|107143150|107146021	0.688135953132741	0.296488296101826	0.0678319720378543
chr11|111892672|111895416	0.730906471998184	0.382342616215781	0.0712140107187415
chr18|55145238|55148103	0.875676341850736	0.716175439447322	0.113237016738
chrX|99566578|99569308	0.793516375411509	0.491344618298984	0.128225145466159
chr4|106852966|106857441	0.88872624843828	0.682734140062727	0.0960340447146675
chr18|60668786|60671697	0.738734127374254	0.309204632466132	0.127270641526752
chr17|4038923|4041381	0.881470256119215	0.694251965811542	0.0567776281559913
chr5|115571518|115574030	0.590196622779353	0.0760443685347819	0.156698779503491
chrX|53210549|53213376	0.653587150633319	0.133515331680885	0.166132496053394
chr3|88540941|88543473	0.693949828982807	0.330745899123917	0.086193050104183
chr2|30737017|30739571	0.788366010130647	0.495202851045353	0.064152234895373
chrX|160165154|160167910	0.707942719725214	0.350516833722983	0.0775981407671817
chr14|7854365|7857420	0.669503147625581	0.23326109232821	0.0776810596672834
chr9|120601909|120604533	0.787782092669276	0.280959741450027	0.315723162517977
chr2|132426454|132429102	0.910863969067201	0.813241919461117	0.0447982176574272
chr12|52380796|52383815	0.702608665341052	0.201779353610118	0.0949525863693014
chr5|99272413|99275239	0.901089460610545	0.761926463930501	0.0481866750431384
chr13|28632437|28634958	0.712382111251964	0.341190355973621	0.0721526697669873
chr3|98092572|98095417	0.635902372096337	0.165833011424218	0.140302059598408
chr7|135137921|135140618	0.690145179917363	0.29758689730896	0.0766729731564711
chr13|34805275|34807841	0.729744223290475	0.401854643380526	0.0637891276508306
chr19|26869273|26871934	0.694592107716018	0.234064697630664	0.18874694601256
chr12|79795794|79798372	0.627042910178181	0.126639216214327	0.138459308643765
chr8|34868749|34872970	0.765681637592334	0.442215379645868	0.0805122052396764
chr9|10445955|10448528	0.646415178110908	0.233303269714688	0.0722508807709784
chr6|114802640|114805326	0.650428981905716	0.193904923219007	0.164515816896501
chr19|46547123|46549693	0.686119960421194	0.302741357520639	0.0648082408276535
chr8|116163758|116166268	0.70361418585292	0.32441321862115	0.0624274078037737
chr2|170836029|170839441	0.851676495620525	0.634850175539096	0.0769197894325963
chr9|45625033|45628875	0.788454541979013	0.494806078932971	0.0832936388471354
chr13|39876693|39879433	0.998442591135914	0.995440615367405	0.0195532704983863
chr6|125159970|125162476	0.664091634980761	0.0195202832654401	0.242619118996657
chr18|69546507|69549364	0.670600554083373	0.252435903601944	0.110799807566939
chr12|99518009|99520804	0.746623069596618	0.43281695636582	0.106874131629942
chr6|127141188|127145234	0.631181961178068	0.15840687711253	0.131205437045221
chr11|116660002|116662901	0.703263764210515	0.189486453747971	0.290908975563461
chrX|22897289|22900007	0.63255344374225	0.204043551749913	0.0723826908175264
chr3|51907571|51910645	0.801997973753914	0.512237189795561	0.163110360416669
chr7|6850507|6853396	0.745723870119619	0.404692717473578	0.0696434146900309
chr7|76437642|76440363	0.771534948377982	0.490259145357789	0.0685164024270171
chrX|101985615|101988142	0.810389903778211	0.593954506405086	0.0489877690947169
chr4|132032113|132036152	0.732651288572484	0.378691217733235	0.082006780968944
chr7|134677970|134680502	0.753369072031382	0.393418141424433	0.08734690198302
chr15|30511450|30513962	0.748981044159065	0.411065453862298	0.0650050714777058
chr8|120128701|120131274	0.644339479497756	0.234211418939555	0.0818309396661397
chr9|119630822|119635761	0.808467275358855	0.101146365616116	0.607002656366403
chr6|50354039|50357303	0.655335625656968	0.10953767824164	0.255531258685301
chr18|5185222|5188225	0.648578341534907	0.0985460144163376	0.246118907781052
chr13|68571134|68575350	0.730981131883403	0.0525496157445653	0.462825397047144
chr7|80118294|80122263	0.688855069019839	0.0244588900330561	0.418254087349736
chr6|39541755|39546349	0.859369319602172	0.549947785628768	0.242689147473437
chr4|147895100|147899927	0.865028269779747	0.00329060271556251	0.78630904905401
chr16|32852044|32856284	0.743885659543281	0.167847692409517	0.378069441749642
chr9|119423663|119427931	0.844882119903563	0.045282152699149	0.697995467872163
chr6|145455263|145460084	0.723257645669998	0.0395364206231806	0.456719565432775
chr18|65514203|65517793	0.820105878361755	0.0535657571120956	0.648622772847994
chr1|165660878|165664896	0.741734477239842	0.21862363792388	0.251466787649413
chr13|63257770|63262536	0.791484620359241	0.134466763539985	0.533806125033864
chr11|98901653|98906641	0.671202994670563	0.203062488197219	0.150910780315679
chr2|84517965|84520803	0.655273144860632	0.0515432423493995	0.335880732086649
chr6|99099326|99104123	0.679089187172983	0.152767744817341	0.176708084892699
chr18|61348779|61352228	0.664242270865923	0.180463348169894	0.198054306837259
chr8|78740514|78744323	0.678311515199768	0.0893821029483467	0.249382776041477
chr9|41071632|41074867	0.647363187777266	0.114249732960379	0.231267456400934
chr7|123096502|123100245	0.833266277866991	0.446710688720562	0.342096859312036
chr5|137075354|137080308	0.701608724738577	0.0806542430002442	0.367162164397584
chr2|33841463|33845838	0.655708673991451	0.124769787157848	0.224118039802434
chr17|28012310|28017600	0.751138040876297	0.0616333617062168	0.479646001148393
chr6|114880174|114885201	0.94006078025035	0.829533633863415	0.115538053806143
chr1|75405116|75409810	0.758109154532845	0.0399203923950293	0.553497107705139
chr4|155132516|155137046	0.725072152034734	0.206497384325297	0.276655573917471
chr17|27594427|27598344	0.773276965667848	0.0415149093170161	0.56008575397826
chr2|26569870|26574885	0.769737869033796	0.249538875295302	0.375975239254781
chr11|54879158|54884157	0.721280893816803	0.0358422785930284	0.454305854341307
chr4|57536131|57540163	0.689726349436161	0.164814161073948	0.272348089609566
chr7|130653200|130658297	0.728317018505008	0.00412120368734991	0.510186872610765
chr2|31004939|31008077	0.652760187421453	0.0600676172697956	0.270683071328825
chr14|7823897|7828231	0.721122839889461	0.236566871261972	0.271218586920289
chr12|80364313|80369122	0.818240427844583	0.0841550597681523	0.614527459712769
chr2|150774191|150777356	0.626542996599122	0.0789964591161488	0.21701741232192
chr8|80810138|80815170	0.708433860216119	0.145086253111892	0.314477150493837
chr12|100125104|100130144	0.661621100343173	0.159359287211811	0.185575013463405
chr1|89119060|89123985	0.722806866969357	0.110243730291359	0.37705613650746
chr17|30548540|30552550	0.694045855162682	0.235129904904448	0.164481069452256
chr3|121735097|121737629	0.763340467738626	0.0211991906165365	0.552772587616231
chr9|72626418|72630417	0.728941011153276	0.0338025995343072	0.498791696984507
chr8|125388008|125392139	0.689701426818672	0.203568747746463	0.222115594567948
chr11|52560175|52562804	0.686705852274838	0.0424322321840623	0.400958210900466
chr18|39229300|39231539	0.663089772915083	0.0538165791121906	0.381057576380123
chr7|109706812|109711678	0.669968360867907	0.110103129154475	0.257493628164448
chr10|81151103|81153882	0.644232204239485	0.161924283901368	0.121331576514791
chr2|72268472|72270771	0.648758216385823	0.0456807885139115	0.354548013622017
chr19|53411035|53413469	0.797652325092366	0.444603024323274	0.120816897008021
chr2|103598117|103602554	0.68302971179199	0.212372342632143	0.173001166288461
chr9|77999016|78002592	0.674301041726097	0.113167376945985	0.314682995244747
chr2|156813201|156816143	0.729071251798746	0.32431800539939	0.118925438630359
chr2|58530293|58535394	0.917833295303344	0.707984724023857	0.361936262161047
chr1|168306708|168311711	0.889568055221561	0.675714616099291	0.0641181428951354
chr5|101966725|101970386	0.614153234611525	0.103500500434175	0.139982326023606
chr16|58451070|58456120	0.707795277320976	0.11146999888055	0.308620602947089
chr9|21556730|21559920	0.644991660596728	0.12053697634956	0.219459132796388
chr1|31101599|31104444	0.643380644152437	0.100796243797987	0.23930086133475
chr19|10659775|10663888	0.640827284267231	0.177087633630834	0.127957493836424
chr10|122004930|122009983	0.751785740106297	0.300034603411454	0.244029664319515
chr1|68779329|68782031	0.629742626845682	0.190934777891006	0.0791365275453791
chr7|34265155|34269793	0.683725821105606	0.0414674602068852	0.343646447111983
chr2|45053671|45058470	0.679242531908567	0.136755636223075	0.214036875467498
chr5|107047850|107052758	0.829537715167422	0.0286228466218074	0.691351572649176
chr10|69642709|69646964	0.692950672023354	0.242859530695668	0.191114028757064
chr12|79968630|79971892	0.710609407094461	0.178059625770691	0.209671046491935
chr3|122032210|122035024	0.633691970975907	0.119244852207259	0.145945928405884
chr16|34330312|34333070	0.678126116317069	0.146064121255442	0.160854841519461
chr3|126657795|126662296	0.733166634060769	0.0665537290518971	0.474200694968946
chr16|37892144|37895218	0.693089012198216	0.071348855401211	0.362533935284999
chr6|88783316|88786529	0.881630169697511	0.0169253503232344	0.793518861739712
chr14|79534452|79537161	0.602264732256207	0.043137297465844	0.168155155999001
chr11|35281923|35284658	0.627784952643966	0.126653656936436	0.151396430268859
chr11|103049822|103053302	0.735478941661603	0.0177602642183754	0.506652573645958
chr11|98952509|98957085	0.726901368363204	0.221313214790121	0.253613510499954
chr6|50336190|50338926	0.63933484339771	0.154785589678186	0.170754198294177
chr8|11356668|11359383	0.717169912134768	0.0164035563227097	0.480024986853902
chr10|77482892|77485637	0.630550051311455	0.0335642862543268	0.294266325619601
chr1|127754802|127759066	0.637047048324862	0.164412887519069	0.143732604922257
chr8|89992683|89995450	0.596763621341993	0.0664462282111532	0.182971801767898
chr14|64809181|64812043	0.716514232488058	0.0977942551385589	0.436832320214262
chr1|136511092|136513808	0.632744579743511	0.146708830624773	0.157701372742248
chr15|64022867|64025936	0.712876584961566	0.278221464357671	0.180009530260757
chr15|67118855|67123088	0.655634538021393	0.151502657196487	0.182725222990794
chr13|51752292|51754902	0.672328494097702	0.179888280837608	0.194089571297134
chr2|60746572|60749334	0.719523216462712	0.0143254101686202	0.48422935872668
chr19|5721878|5724004	0.618431947235238	0.174093793636649	0.0963457533109843
chr7|19735549|19738151	0.64144928548309	0.199174654914538	0.0810189485674219
chr6|128009179|128013987	0.676085124190308	0.16591185957943	0.217977879246936
chr7|71530428|71532494	0.615479896555868	0.0938183199994079	0.0981415417198589
chr17|65915316|65917397	0.671825145982105	0.142824189653827	0.278311960305754
chr1|190776438|190779151	0.632391036376238	0.200578707857154	0.0739805325334919
chr12|86257900|86260479	0.629559983653352	0.197182021815482	0.0730259309480802
chr6|134535847|134538715	0.655500306527619	0.245001508234134	0.07985153596002
chr12|54186137|54188882	0.706061223413434	0.293175612522303	0.0899348307816766
chr1|79881595|79884435	0.635085222566408	0.203838236296202	0.074895851716905
chr11|60862560|60864611	0.621472694761355	0.147467530616302	0.140790194368305
chr18|65374642|65377439	0.669761040542085	0.169266367135578	0.234229581880766
chr6|71751718|71754482	0.673749375103188	0.221733690299809	0.151145212633741
chr10|69795484|69798183	0.652517476177327	0.113182034939182	0.281893344062529
chr10|86340641|86343645	0.76858430126963	0.00118835996436198	0.592997033266893
chr16|44541177|44543979	0.709862504921646	0.338237183649347	0.0838682742248869
chr10|77205097|77207832	0.687789089958408	0.182479729689986	0.230957259031126
chr13|17289935|17292766	0.648775083920662	0.202596305785664	0.0682727824993417
chr1|182106419|182110452	0.648889173447216	0.172456454265602	0.162108250856642
chrX|167182657|167185039	0.617019974431736	0.146731630372666	0.0844035440857418
chr11|77409123|77411591	0.601131961251584	0.0883496470049346	0.136900403741627
chr1|183168602|183171015	0.650799940596905	0.231543312778631	0.0822183180793401
chr8|34752236|34754744	0.68371436046555	0.106872823677687	0.342739353082401
chr15|84234353|84236560	0.608221346398526	0.034595364690985	0.220870134544198
chr7|114087409|114090150	0.748282118793552	0.354856989318347	0.174564025725509
chr11|116055970|116058839	0.659194072236795	0.218217934174825	0.140047391173891
chr16|33739535|33742346	0.606158620127622	0.158238987472005	0.0886417585017268
chr1|155085609|155088317	0.721865763229333	0.328762461841479	0.111898145575696
chr6|94387009|94391825	0.746903084589274	0.133568316072625	0.439049688690075
chr19|55331387|55333148	0.616522743142845	0.186899605630475	0.0820391262338318
chr5|145151334|145154120	0.614125882887223	0.142534044565185	0.104280560469131
chr7|116210747|116213509	0.701600200436622	0.344405904267894	0.0813211728231992
chr8|121357599|121361717	0.696071882662879	0.061433439537457	0.263757621137257
chr14|21311277|21312930	0.605800545274636	0.140353035479268	0.0805458012243523
chr8|13203609|13206007	0.620767837696484	0.175184093358687	0.0933638411655218
